Date,Open,High,Low,Close,Volume,Dividends,Stock Splits
2007-05-03 00:00:00-04:00,19.020337956966273,19.19523828352993,17.970939333530605,18.119604110717773,8052800,0.0,0.0
2007-05-04 00:00:00-04:00,18.58308642198662,18.670536574037612,18.102113087665543,18.34697151184082,5437300,0.0,0.0
2007-05-07 00:00:00-04:00,18.539357474774626,18.6180624248484,17.66485951215266,17.804779052734375,2646300,0.0,0.0
2007-05-08 00:00:00-04:00,17.48996407130239,17.48996407130239,16.877814661617624,17.166399002075195,4166100,0.0,0.0
2007-05-09 00:00:00-04:00,17.271333751298712,17.664858478643843,17.16639326801588,17.30631446838379,7541100,0.0,0.0
2007-05-10 00:00:00-04:00,17.306316496440182,17.48121509844403,17.096435505279423,17.227611541748047,3170600,0.0,0.0
2007-05-11 00:00:00-04:00,17.23635354543032,17.315058493233675,16.711656117371227,16.877809524536133,3539400,0.0,0.0
2007-05-14 00:00:00-04:00,16.746635801020496,16.95651511377803,16.396836946424603,16.51926612854004,1924800,0.0,0.0
2007-05-15 00:00:00-04:00,16.3093890376742,16.48428932278575,15.87213999286807,15.915865898132324,3438700,0.0,0.0
2007-05-16 00:00:00-04:00,15.793431913923275,16.160721105780674,15.758452864589069,16.038291931152344,2607600,0.0,0.0
2007-05-17 00:00:00-04:00,16.44056300145052,17.271336832746385,16.326878986586,16.632953643798828,8979000,0.0,0.0
2007-05-18 00:00:00-04:00,17.02647425467859,17.04396461375433,16.213192573326126,16.886554718017578,6562200,0.0,0.0
2007-05-21 00:00:00-04:00,16.790365464680928,16.91279467424465,16.61546516418457,16.61546516418457,2077700,0.0,0.0
2007-05-22 00:00:00-04:00,16.702908844501486,17.0789431773294,16.61545872812742,17.03521728515625,4014700,0.0,0.0
2007-05-23 00:00:00-04:00,17.05270989474136,17.227610150594355,16.70291105100782,16.799104690551758,2387100,0.0,0.0
2007-05-24 00:00:00-04:00,16.799107075679846,16.90404757768553,16.484288905608178,16.632953643798828,2362000,0.0,0.0
2007-05-25 00:00:00-04:00,16.632948237073965,16.659182103068254,16.3443640353317,16.40557861328125,895000,0.0,0.0
2007-05-29 00:00:00-04:00,16.53675817322028,16.79036341112537,16.48428875667783,16.694168090820312,2918800,0.0,0.0
2007-05-30 00:00:00-04:00,16.659191296300623,16.746641456475235,16.44931191266539,16.597976684570312,2829300,0.0,0.0
2007-05-31 00:00:00-04:00,16.746637456179794,16.86032313764244,16.641698623415618,16.65918731689453,3435200,0.0,0.0
2007-06-01 00:00:00-04:00,16.70291803076619,17.315065846109007,16.65919211454468,17.0964412689209,2299400,0.0,0.0
2007-06-04 00:00:00-04:00,16.353114778268456,16.659187772172512,16.344369597303665,16.475543975830078,5692700,0.0,0.0
2007-06-05 00:00:00-04:00,16.4842890556388,16.650444157004763,16.379348552678007,16.571739196777344,4510000,0.0,0.0
2007-06-06 00:00:00-04:00,16.3531165372565,16.554250717163086,16.309390627729268,16.554250717163086,2595300,0.0,0.0
2007-06-07 00:00:00-04:00,16.414333766468154,16.48429356492197,15.87214407747121,16.160728454589844,3062100,0.0,0.0
2007-06-08 00:00:00-04:00,15.915865725767379,16.466798782348633,15.915865725767379,16.466798782348633,2124100,0.0,0.0
2007-06-11 00:00:00-04:00,16.221939358627548,16.45805424988282,15.933355047528694,16.073274612426758,1870000,0.0,0.0
2007-06-12 00:00:00-04:00,15.872140470408883,16.361858948293413,15.758456449246912,16.09076499938965,8636200,0.0,0.0
2007-06-13 00:00:00-04:00,16.160722468470002,16.35311309393414,16.055783643646425,16.300642013549805,3110200,0.0,0.0
2007-06-14 00:00:00-04:00,16.17821246713734,16.624206632604313,16.116997876029178,16.528011322021484,8069700,0.0,0.0
2007-06-15 00:00:00-04:00,16.519273748348457,16.737898341811928,16.13449566479351,16.510528564453125,3418900,0.0,0.0
2007-06-18 00:00:00-04:00,16.30938754023654,16.528012042566715,16.17821317243295,16.213193893432617,1339900,0.0,0.0
2007-06-19 00:00:00-04:00,16.256921371667893,16.685425281609728,16.221940643685905,16.501781463623047,3113000,0.0,0.0
2007-06-20 00:00:00-04:00,16.615462764536243,17.04396660409651,16.458052850417644,16.930282592773438,4031500,0.0,0.0
2007-06-21 00:00:00-04:00,16.790364636425572,17.140163552190103,16.63295470733833,17.061458587646484,3985700,0.0,0.0
2007-06-22 00:00:00-04:00,17.052712983722927,17.358787652922764,16.939028964406123,17.271337509155273,11822000,0.0,0.0
2007-06-25 00:00:00-04:00,17.218868661292554,17.262592900640403,16.711659812182575,16.991498947143555,1974400,0.0,0.0
2007-06-26 00:00:00-04:00,17.052711473734615,17.19263102418386,16.851577328460404,17.04396629333496,2237000,0.0,0.0
2007-06-27 00:00:00-04:00,16.96526720151477,17.13142235059215,16.729152253032158,16.982757568359375,2216000,0.0,0.0
2007-06-28 00:00:00-04:00,17.27133956575092,17.39376878082009,17.157655532897117,17.201379776000977,2547200,0.0,0.0
2007-06-29 00:00:00-04:00,17.096435505279423,17.341295549651917,17.061456452067688,17.227611541748047,2022200,0.0,0.0
2007-07-02 00:00:00-04:00,17.113924040607326,17.28007911256662,17.078944991126242,17.122669219970703,1831600,0.0,0.0
2007-07-03 00:00:00-04:00,17.236352272493402,17.71732710332327,17.236352272493402,17.708581924438477,2960900,0.0,0.0
2007-07-05 00:00:00-04:00,17.49870789898528,18.128345956343978,17.42000293331884,17.9447021484375,2640100,0.0,0.0
2007-07-06 00:00:00-04:00,17.9709316829182,18.27700629011548,17.8222669690208,18.215791702270508,1966900,0.0,0.0
2007-07-09 00:00:00-04:00,18.311990033754817,18.705513164061223,18.24203025494661,18.653043746948242,2872800,0.0,0.0
2007-07-10 00:00:00-04:00,18.521872409489568,18.58308701749505,17.953448904901958,18.058387756347656,2367100,0.0,0.0
2007-07-11 00:00:00-04:00,17.64736954311172,18.005913582283274,17.489959639480787,17.594900131225586,2387700,0.0,0.0
2007-07-12 00:00:00-04:00,17.865997314453125,18.040895942133226,17.586158175786696,17.865997314453125,3455400,0.0,0.0
2007-07-13 00:00:00-04:00,17.79603737486326,17.96219248748981,17.559922478179143,17.92721176147461,1751700,0.0,0.0
2007-07-16 00:00:00-04:00,17.883485005024372,18.364458244231887,17.7610541491748,18.311988830566406,2891700,0.0,0.0
2007-07-17 00:00:00-04:00,18.364461640285576,18.58308618362231,18.172072642619494,18.530616760253906,4383100,0.0,0.0
2007-07-18 00:00:00-04:00,19.055317667273766,19.064061181957097,18.495637653077157,18.68802833557129,9011300,0.0,0.0
2007-07-19 00:00:00-04:00,18.784221682101492,19.064060850345587,18.71426189004047,18.810457229614258,8636500,0.0,0.0
2007-07-20 00:00:00-04:00,18.72300146650687,18.871666188620004,18.36445743105269,18.714256286621094,4248400,0.0,0.0
2007-07-23 00:00:00-04:00,18.7142626582411,18.80171281890037,18.37320886644034,18.46065902709961,4399000,0.0,0.0
2007-07-24 00:00:00-04:00,18.4956338276366,18.889158625915705,18.128344571900335,18.653043746948242,6101200,0.0,0.0
2007-07-25 00:00:00-04:00,18.626807254640873,18.635552435042577,17.88348526819476,18.172069549560547,2779100,0.0,0.0
2007-07-26 00:00:00-04:00,17.97967924027635,17.97967924027635,16.501778753213166,16.930282592773438,9754300,0.0,0.0
2007-07-27 00:00:00-04:00,17.2363588239526,17.245104006161398,16.064532763513764,16.256921768188477,4562800,0.0,0.0
2007-07-30 00:00:00-04:00,16.1782147120939,16.256919673860825,15.146306696014435,15.784689903259277,8926900,0.0,0.0
2007-07-31 00:00:00-04:00,15.985827154616894,16.213196879066754,15.49610697827586,15.58355712890625,3582900,0.0,0.0
2007-08-01 00:00:00-04:00,15.740960648851926,16.309383894243805,15.023872708390893,16.047035217285156,7082200,0.0,0.0
2007-08-02 00:00:00-04:00,16.326884706570983,17.052718290150775,15.968340506728751,16.510528564453125,7427800,0.0,0.0
2007-08-03 00:00:00-04:00,16.51052333815672,16.764128586924464,15.907120852141343,16.35311508178711,3412800,0.0,0.0
2007-08-06 00:00:00-04:00,16.562990542892233,16.615459949384345,15.487356867983625,15.758452415466309,5659800,0.0,0.0
2007-08-07 00:00:00-04:00,15.609791761670357,16.414330098071606,15.609791761670357,16.134490966796875,2725000,0.0,0.0
2007-08-08 00:00:00-04:00,16.073272611642473,16.48428774184398,15.784688336466292,16.16946792602539,2724100,0.0,0.0
2007-08-09 00:00:00-04:00,15.775947852546041,15.85465115363585,15.434892430616687,15.627283096313477,3314300,0.0,0.0
2007-08-10 00:00:00-04:00,15.303718395824166,15.399913730920685,14.822745056287436,15.35618782043457,3903000,0.0,0.0
2007-08-13 00:00:00-04:00,15.434891507939968,15.78469042287877,15.023877991383477,15.120073318481445,2050800,0.0,0.0
2007-08-14 00:00:00-04:00,15.1200697686477,15.373673296948438,13.956986773071089,14.840229034423828,5720100,0.0,0.0
2007-08-15 00:00:00-04:00,14.735293231500172,14.82274337457784,13.134961784677996,13.773344993591309,3556000,0.0,0.0
2007-08-16 00:00:00-04:00,13.33609386203951,14.166867589486703,13.06499912805394,13.92200756072998,6312100,0.0,0.0
2007-08-17 00:00:00-04:00,14.472944352413606,14.516670262622142,13.134963191517954,13.991971015930176,4152000,0.0,0.0
2007-08-20 00:00:00-04:00,14.07941529116958,14.560388426879218,13.869535179711683,14.061924934387207,1933600,0.0,0.0
2007-08-21 00:00:00-04:00,14.000716008426737,15.592302423065837,13.94824575087331,15.487361907958984,5527200,0.0,0.0
2007-08-22 00:00:00-04:00,15.872137239349739,16.30938620830137,15.42614309086238,15.828413009643555,4715900,0.0,0.0
2007-08-23 00:00:00-04:00,15.740964889526367,15.872139263344554,15.347440100099144,15.740964889526367,2271300,0.0,0.0
2007-08-24 00:00:00-04:00,15.55732255999296,15.985826444270698,15.408657810919228,15.950845718383789,983600,0.0,0.0
2007-08-27 00:00:00-04:00,15.399909856030394,15.942097665850685,15.30371454513832,15.478614807128906,1321100,0.0,0.0
2007-08-28 00:00:00-04:00,15.347439264247562,15.461124938545064,15.067600170549971,15.172540664672852,1240500,0.0,0.0
2007-08-29 00:00:00-04:00,15.268735283199767,15.426145200424124,15.13756090817036,15.181286811828613,1092700,0.0,0.0
2007-08-30 00:00:00-04:00,14.910188815209622,15.12881329442368,14.709054694646069,14.848974227905273,1210500,0.0,0.0
2007-08-31 00:00:00-04:00,14.910190840566726,15.10258147591122,14.709056692681692,14.761526107788086,1239900,0.0,0.0
2007-09-04 00:00:00-04:00,14.901450226676134,15.461128544607384,14.840233951176065,15.329954147338867,1992800,0.0,0.0
2007-09-05 00:00:00-04:00,15.303716569305653,15.723475252036009,15.303716569305653,15.40865707397461,1847900,0.0,0.0
2007-09-06 00:00:00-04:00,15.522337419900856,16.00331058825814,15.093833657479992,15.802176475524902,2205500,0.0,0.0
2007-09-07 00:00:00-04:00,15.373676349760713,15.51359591067083,15.20752124569017,15.40865707397461,1533800,0.0,0.0
2007-09-10 00:00:00-04:00,15.50484808030958,15.732217744931134,15.093834648862414,15.25124454498291,2483400,0.0,0.0
2007-09-11 00:00:00-04:00,15.216269090982372,15.653518212378263,15.13756411569327,15.469874382019043,2066700,0.0,0.0
2007-09-12 00:00:00-04:00,15.434886672400848,15.434886672400848,14.918932809017615,14.997637748718262,2217800,0.0,0.0
2007-09-13 00:00:00-04:00,15.13756142854469,15.408657036627107,15.006387049005985,15.382421493530273,1365600,0.0,0.0
2007-09-14 00:00:00-04:00,15.163792125231746,15.478611869885146,15.102577545542962,15.43488597869873,873900,0.0,0.0
2007-09-17 00:00:00-04:00,15.364926911330526,15.452377029661498,14.962658702169238,14.997637748718262,939100,0.0,0.0
2007-09-18 00:00:00-04:00,15.172543403601589,15.356187216502073,14.752784687280878,15.259993553161621,1800800,0.0,0.0
2007-09-19 00:00:00-04:00,15.30371370875737,16.038292100215518,15.30371370875737,15.99456787109375,3484000,0.0,0.0
2007-09-20 00:00:00-04:00,15.889629014739668,15.898374195054894,15.426144465868267,15.49610424041748,1631700,0.0,0.0
2007-09-21 00:00:00-04:00,15.907122616749083,15.907122616749083,15.268737667435273,15.35618782043457,1767300,0.0,0.0
2007-09-24 00:00:00-04:00,15.321207657947243,15.36493189731529,14.00071527976385,14.018205642700195,5237600,0.0,0.0
2007-09-25 00:00:00-04:00,13.991969258185435,14.936427116394043,13.904519116727233,14.936427116394043,3470300,0.0,0.0
2007-09-26 00:00:00-04:00,14.997643343811836,15.697242883483336,14.822744709873632,15.627283096313477,4915600,0.0,0.0
2007-09-27 00:00:00-04:00,15.67975246139697,15.775947793887688,15.364932586316717,15.58355712890625,1443000,0.0,0.0
2007-09-28 00:00:00-04:00,15.391167110239259,15.705985296449139,15.102582799896082,15.69724178314209,1505000,0.0,0.0
2007-10-01 00:00:00-04:00,15.740963516774148,16.029547781196108,15.574808434842563,15.93335247039795,2277700,0.0,0.0
2007-10-02 00:00:00-04:00,16.090767757125242,16.61546705019985,16.064533876654007,16.597976684570312,2982300,0.0,0.0
2007-10-03 00:00:00-04:00,16.6417022056802,16.86907194957604,16.186962717888527,16.860326766967773,3078200,0.0,0.0
2007-10-04 00:00:00-04:00,16.720404480961413,17.096437264552208,16.090764778632565,16.274410247802734,4998500,0.0,0.0
2007-10-05 00:00:00-04:00,16.291896155563396,17.227610367810804,16.291896155563396,16.7816162109375,3334700,0.0,0.0
2007-10-08 00:00:00-04:00,16.720399201370746,17.19262716103512,16.711654022936116,17.03521728515625,1546800,0.0,0.0
2007-10-09 00:00:00-04:00,16.98275348169079,17.297573337243826,16.79910800996059,17.131418228149414,1839200,0.0,0.0
2007-10-10 00:00:00-04:00,16.83409041862855,17.21887009522963,16.807854872051333,17.166399002075195,2415800,0.0,0.0
2007-10-11 00:00:00-04:00,17.175140773342328,17.2101214951649,16.825341894979754,16.95651626586914,2948600,0.0,0.0
2007-10-12 00:00:00-04:00,16.834091693974116,17.472475030626867,16.68542692138633,17.454984664916992,2331600,0.0,0.0
2007-10-15 00:00:00-04:00,17.297578305853676,17.489967346191406,16.764133768043394,17.489967346191406,3955300,0.0,0.0
2007-10-16 00:00:00-04:00,17.708586003993464,17.927210522561282,16.877812166246663,17.559921264648438,7945800,0.0,0.0
2007-10-17 00:00:00-04:00,17.804780772123085,17.979679380753755,17.51619648330846,17.839759826660156,5631600,0.0,0.0
2007-10-18 00:00:00-04:00,17.796040124367252,17.839764370668863,17.306321560302287,17.454984664916992,2480600,0.0,0.0
2007-10-19 00:00:00-04:00,17.524939260756724,17.524939260756724,17.04396440003956,17.052709579467773,2029600,0.0,0.0
2007-10-22 00:00:00-04:00,16.79911283538968,17.7085919380188,16.790369319533056,17.489967346191406,3344200,0.0,0.0
2007-10-23 00:00:00-04:00,17.647372068677015,18.36446024964464,17.57741228682585,18.207050323486328,5704400,0.0,0.0
2007-10-24 00:00:00-04:00,18.12834578754257,18.408184921540727,17.90097607417587,17.99717140197754,3971300,0.0,0.0
2007-10-25 00:00:00-04:00,17.83975647659591,18.14583106918874,17.358783308215987,17.54242706298828,2479300,0.0,0.0
2007-10-26 00:00:00-04:00,17.70858459076791,17.743565311574038,16.974006133564917,17.262590408325195,2171200,0.0,0.0
2007-10-29 00:00:00-04:00,17.131415949172364,17.804779809318124,17.052710995754154,17.35878562927246,1893500,0.0,0.0
2007-10-30 00:00:00-04:00,17.411257475204494,18.31199114131516,17.402512293827947,18.08462142944336,3845600,0.0,0.0
2007-10-31 00:00:00-04:00,17.507454317209955,18.233287754538193,17.4374945281171,18.18956184387207,4577700,0.0,0.0
2007-11-01 00:00:00-04:00,17.88348812750544,18.242032241438256,17.621137677426123,17.66486358642578,2519000,0.0,0.0
2007-11-02 00:00:00-04:00,17.6823468853325,17.743563139248586,17.210118888072127,17.428743362426758,1623200,0.0,0.0
2007-11-05 00:00:00-05:00,17.31506217608597,17.568667432498255,16.851579238187764,17.061458587646484,1633800,0.0,0.0
2007-11-06 00:00:00-05:00,17.052709130573625,17.35878373061429,15.845902756779338,16.18695640563965,3132100,0.0,0.0
2007-11-07 00:00:00-05:00,16.151980408349914,16.169470771856496,14.83148798711475,15.259993553161621,6915500,0.0,0.0
2007-11-08 00:00:00-05:00,15.259990324310552,15.329950095561264,14.16686785603537,14.86646556854248,7390600,0.0,0.0
2007-11-09 00:00:00-05:00,14.429218292236328,14.988896528608166,14.34176815081005,14.429218292236328,3750000,0.0,0.0
2007-11-12 00:00:00-05:00,14.76152642090271,15.705984252714345,14.665332769162681,15.636024475097656,4727700,0.0,0.0
2007-11-13 00:00:00-05:00,16.02954987834945,16.720404168152793,15.810925356458174,16.396839141845703,3435700,0.0,0.0
2007-11-14 00:00:00-05:00,16.353117413533916,18.451912812090512,15.627283956217214,17.070205688476562,17352700,0.0,0.0
2007-11-15 00:00:00-05:00,17.070203219536225,17.892230228128092,16.755383371496002,17.35004234313965,8292100,0.0,0.0
2007-11-16 00:00:00-05:00,17.411262330828006,17.918471316307677,16.842838726613877,17.46373176574707,6111800,0.0,0.0
2007-11-19 00:00:00-05:00,17.052712302900204,17.271336819604052,16.51926794839155,16.624208450317383,3604800,0.0,0.0
2007-11-20 00:00:00-05:00,16.37935013001685,16.48429064308346,14.89270425938778,15.259993553161621,5969900,0.0,0.0
2007-11-21 00:00:00-05:00,14.953918918028778,15.828417080861188,14.228085509596793,15.662261962890625,4742900,0.0,0.0
2007-11-23 00:00:00-05:00,15.959595826510927,16.230689863928717,15.77595196283307,15.872145652770996,1118600,0.0,0.0
2007-11-26 00:00:00-05:00,16.047041348902024,16.16072537423048,15.102583415809926,15.286227226257324,2520600,0.0,0.0
2007-11-27 00:00:00-05:00,15.915867798846305,16.08202125477474,15.085093847312391,15.35618782043457,2609200,0.0,0.0
2007-11-28 00:00:00-05:00,15.45238309300334,16.632955983784342,15.259994091561733,16.414331436157227,5421900,0.0,0.0
2007-11-29 00:00:00-05:00,16.34437172739269,16.764130460571582,15.845908023246135,16.291900634765625,3546800,0.0,0.0
2007-11-30 00:00:00-05:00,16.772877572718762,17.376281863579795,16.685427409583767,17.280086517333984,6946400,0.0,0.0
2007-12-03 00:00:00-05:00,17.27133393320325,17.489958413370378,16.562991084494023,17.122669219970703,2688900,0.0,0.0
2007-12-04 00:00:00-05:00,16.309389304613912,16.59797361219038,15.618536669858694,16.274410247802734,6339900,0.0,0.0
2007-12-05 00:00:00-05:00,16.30939159217097,16.414332113269,15.933357087864772,16.00331687927246,2176400,0.0,0.0
2007-12-06 00:00:00-05:00,16.02080519258318,16.423075192644696,15.915866352896025,16.073274612426758,2877000,0.0,0.0
2007-12-07 00:00:00-05:00,16.178214795190545,17.008988654565105,16.178214795190545,16.35311508178711,4594500,0.0,0.0
2007-12-10 00:00:00-05:00,16.493035293821166,16.493035293821166,15.828416513725239,15.950845718383789,2739700,0.0,0.0
2007-12-11 00:00:00-05:00,16.038294058874257,16.038294058874257,14.8314858392533,14.892702102661133,3213700,0.0,0.0
2007-12-12 00:00:00-05:00,15.041367884761232,15.050111397885667,12.968806667966831,13.764599800109863,7499400,0.0,0.0
2007-12-13 00:00:00-05:00,13.598449150689978,14.385498145326526,13.065004637506112,13.42354965209961,6570400,0.0,0.0
2007-12-14 00:00:00-05:00,13.60718911242355,13.84330313641629,12.636495808269297,13.642168998718262,4805000,0.0,0.0
2007-12-17 00:00:00-05:00,13.65091399319037,13.668404354161616,12.680221476916651,12.706456184387207,4956000,0.0,0.0
2007-12-18 00:00:00-05:00,12.855121548831184,12.881356257591797,12.339167550616443,12.391637802124023,5104100,0.0,0.0
2007-12-19 00:00:00-05:00,12.487832284708123,13.012531463606207,12.277952946743431,12.890101432800293,2949400,0.0,0.0
2007-12-20 00:00:00-05:00,12.898847254469155,13.047512001409066,12.304188266709506,12.57528305053711,3701100,0.0,0.0
2007-12-21 00:00:00-05:00,12.566537648539407,13.274881479402977,12.347913122641396,13.187431335449219,3425500,0.0,0.0
2007-12-24 00:00:00-05:00,13.204919708981361,13.510993498747581,12.846374839962136,13.213664054870605,1342700,0.0,0.0
2007-12-26 00:00:00-05:00,13.126213337465845,13.126213337465845,12.653984517117967,12.925078392028809,1801100,0.0,0.0
2007-12-27 00:00:00-05:00,12.881354870747684,12.881354870747684,12.417871173940526,12.610260963439941,3084600,0.0,0.0
2007-12-28 00:00:00-05:00,12.645241560518594,12.986296092813975,12.487831648076677,12.767671585083008,2671400,0.0,0.0
2007-12-31 00:00:00-05:00,12.802654770972497,13.33609840701807,12.68022471486964,13.021279335021973,2783600,0.0,0.0
2008-01-02 00:00:00-05:00,12.881354860797988,12.933825106615942,11.875682516165874,12.059327125549316,6351800,0.0,0.0
2008-01-03 00:00:00-05:00,11.971880033619916,12.21674013096094,11.805725741983093,11.93690013885498,7725900,0.0,0.0
2008-01-04 00:00:00-05:00,11.709530807149758,11.910664986118592,11.071146708798114,11.69204044342041,7777400,0.0,0.0
2008-01-07 00:00:00-05:00,11.744509767401729,12.015603711773906,11.202321044670997,11.709529876708984,4133200,0.0,0.0
2008-01-08 00:00:00-05:00,11.630824702073498,11.849449223413277,10.056727981629818,10.292842864990234,9311200,0.0,0.0
2008-01-09 00:00:00-05:00,11.018676224567567,12.11179883279902,10.284097698398215,11.823214530944824,8358000,0.0,0.0
2008-01-10 00:00:00-05:00,12.295443198891748,14.805252553127849,12.068073501131623,13.974478721618652,17947800,0.0,0.0
2008-01-11 00:00:00-05:00,14.166866213152705,14.429214907926069,12.916333987590207,13.537226676940918,7343700,0.0,0.0
2008-01-14 00:00:00-05:00,13.729620701541247,13.860795923605123,13.073747093181126,13.37982177734375,3313800,0.0,0.0
2008-01-15 00:00:00-05:00,13.423545672872244,14.376748700108932,13.379820602689705,13.974478721618652,6826300,0.0,0.0
2008-01-16 00:00:00-05:00,13.991971015930176,14.184360016928963,12.968808068671365,13.991971015930176,6175000,0.0,0.0
2008-01-17 00:00:00-05:00,14.079420574933824,14.402983956974337,12.83763313289182,13.283626556396484,4649600,0.0,0.0
2008-01-18 00:00:00-05:00,13.624679358564462,13.67714960777242,13.003785718532917,13.239900588989258,2418300,0.0,0.0
2008-01-22 00:00:00-05:00,11.980623374354002,13.45852557748458,11.980623374354002,12.986296653747559,4542900,0.0,0.0
2008-01-23 00:00:00-05:00,12.426617575453017,14.201848419378777,12.242972947875431,13.974478721618652,3333000,0.0,0.0
2008-01-24 00:00:00-05:00,13.974476828102643,14.17561095610813,13.642168341309773,13.983222007751465,3163200,0.0,0.0
2008-01-25 00:00:00-05:00,13.991970544228606,14.429219623735749,13.60719172121635,14.175614356994629,3093400,0.0,0.0
2008-01-28 00:00:00-05:00,14.175613581631703,14.595373942658325,13.913264815466242,14.131889343261719,3912900,0.0,0.0
2008-01-29 00:00:00-05:00,14.13188867897975,14.47294239255787,13.843304382573795,14.000714302062988,4795200,0.0,0.0
2008-01-30 00:00:00-05:00,13.948244694492413,14.569138386254105,13.922009984695832,14.123144149780273,4750800,0.0,0.0
2008-01-31 00:00:00-05:00,13.904520388920895,14.866468697029116,13.904520388920895,14.70905876159668,3900100,0.0,0.0
2008-02-01 00:00:00-05:00,14.691565877402523,16.300642346676547,14.376747728525487,16.204448699951172,6948200,0.0,0.0
2008-02-04 00:00:00-05:00,16.12574373370465,16.431818370083075,14.953916269608442,15.085090637207031,5381900,0.0,0.0
2008-02-05 00:00:00-05:00,14.779016424304928,15.539830446933152,14.709056648382889,14.892702102661133,3938800,0.0,0.0
2008-02-06 00:00:00-05:00,14.429218853104409,16.23068449742931,14.429218853104409,15.69724178314209,7828300,0.0,0.0
2008-02-07 00:00:00-05:00,16.38809242746106,16.60671692889673,15.688494690055949,16.16946792602539,5527600,0.0,0.0
2008-02-08 00:00:00-05:00,15.767201143860058,16.178214645186504,15.732220419675985,15.907120704650879,5579200,0.0,0.0
2008-02-11 00:00:00-05:00,16.256918872120877,16.256918872120877,15.47861614188999,15.740964889526367,2770500,0.0,0.0
2008-02-12 00:00:00-05:00,15.74096770357301,15.854651736412935,14.918938923131767,15.329954147338867,3576100,0.0,0.0
2008-02-13 00:00:00-05:00,15.233758304074518,15.688497756249376,15.172543698584231,15.487361907958984,5251800,0.0,0.0
2008-02-14 00:00:00-05:00,15.653514233291892,15.653514233291892,14.700311257512956,14.91019058227539,4152400,0.0,0.0
2008-02-15 00:00:00-05:00,14.918941040354406,15.356190205283683,14.892707157961494,15.146310806274414,3059700,0.0,0.0
2008-02-19 00:00:00-05:00,15.417401993020349,15.417401993020349,14.420474613629393,14.665334701538086,4181100,0.0,0.0
2008-02-20 00:00:00-05:00,14.647840344589037,14.866464827344096,14.061926664086577,14.700309753417969,3164400,0.0,0.0
2008-02-21 00:00:00-05:00,14.857723521496006,14.997643093500463,13.825816260969923,14.175614356994629,2810000,0.0,0.0
2008-02-22 00:00:00-05:00,14.306791316725498,14.446710897546577,13.659662004448283,14.315536499023438,3048700,0.0,0.0
2008-02-25 00:00:00-05:00,14.341768677386694,14.464199547067777,13.467270566961009,14.123144149780273,3352300,0.0,0.0
2008-02-26 00:00:00-05:00,13.94824416432517,14.17561303056399,13.554720196388578,13.913264274597168,2247100,0.0,0.0
2008-02-27 00:00:00-05:00,13.432290715389898,13.572211114017893,12.898847166697184,13.117471694946289,5586300,0.0,0.0
2008-02-28 00:00:00-05:00,13.239902343196349,13.318606476456633,12.164269180801984,12.32167911529541,3728200,0.0,0.0
2008-02-29 00:00:00-05:00,12.52281364233883,12.52281364233883,11.578355676798552,11.674551010131836,4857100,0.0,0.0
2008-03-03 00:00:00-05:00,11.60459078983288,11.674550574746336,10.931226817557835,11.350985527038574,4713200,0.0,0.0
2008-03-04 00:00:00-05:00,11.237302269270348,11.831960481634992,10.939972746094789,11.490906715393066,3849400,0.0,0.0
2008-03-05 00:00:00-05:00,11.53462899846859,12.767671958702163,11.254789887259667,12.531557083129883,7429900,0.0,0.0
2008-03-06 00:00:00-05:00,12.374146565876059,12.636496136902377,11.665803641489926,11.805723190307617,2223100,0.0,0.0
2008-03-07 00:00:00-05:00,11.482158091872606,12.024346716463903,11.114868889087173,11.272278785705566,3572300,0.0,0.0
2008-03-10 00:00:00-04:00,11.29851278051947,11.595842195899378,10.450249595580232,10.476484298706055,2178400,0.0,0.0
2008-03-11 00:00:00-04:00,10.63389305582327,11.053652431177392,10.1791546360079,10.590167999267578,3518000,0.0,0.0
2008-03-12 00:00:00-04:00,10.12668530878448,10.319075074477698,8.788703795796273,8.858663558959961,8642300,0.0,0.0
2008-03-13 00:00:00-04:00,8.587569267038777,9.374617891720002,8.360200442740211,9.199718475341797,6963100,0.0,0.0
2008-03-14 00:00:00-04:00,9.558262915725773,9.628222685412,8.202790918579232,8.395180702209473,6092600,0.0,0.0
2008-03-17 00:00:00-04:00,8.22902608031172,8.237771260504294,7.529427510645214,8.071616172790527,6345200,0.0,0.0
2008-03-18 00:00:00-04:00,7.879227798640372,9.488304378383395,7.783032477338255,8.823685646057129,7490500,0.0,0.0
2008-03-19 00:00:00-04:00,8.858664096578918,9.671947435196415,8.762469624887492,9.121013641357422,6991300,0.0,0.0
2008-03-20 00:00:00-04:00,9.330897645912046,9.330897645912046,8.675023870429868,8.744983673095703,8116500,0.0,0.0
2008-03-24 00:00:00-04:00,8.867409890292302,9.086034387088587,8.631295033438908,8.753725051879883,8519100,0.0,0.0
2008-03-25 00:00:00-04:00,8.841175384074038,8.998585307050135,8.657530751930715,8.718746185302734,4329900,0.0,0.0
2008-03-26 00:00:00-04:00,8.779961372291051,8.779961372291051,7.590644191282669,7.643113613128662,8665200,0.0,0.0
2008-03-27 00:00:00-04:00,7.730564034753675,7.730564034753675,7.2933149453127335,7.302060127258301,10543800,0.0,0.0
2008-03-28 00:00:00-04:00,7.389509852820036,7.905463940290329,6.943515973797965,7.5294294357299805,17147800,0.0,0.0
2008-03-31 00:00:00-04:00,7.581897402241691,7.6868370576723075,7.127158061389441,7.5206828117370605,17690900,0.0,0.0
2008-04-01 00:00:00-04:00,7.818014351349418,8.2027940662626,7.660605226145442,7.99291467666626,9635000,0.0,0.0
2008-04-02 00:00:00-04:00,7.879228951832863,8.036638060116259,7.608134143922146,7.695584297180176,5335200,0.0,0.0
2008-04-03 00:00:00-04:00,7.669348646759775,7.8267577357904745,7.450724124341123,7.704328536987305,3448100,0.0,0.0
2008-04-04 00:00:00-04:00,7.7305642552291305,7.791778862621037,7.5119397042734946,7.651859283447266,5451000,0.0,0.0
2008-04-07 00:00:00-04:00,7.95793212709456,8.22028085969125,7.686837380362023,8.124086380004883,5758800,0.0,0.0
2008-04-08 00:00:00-04:00,8.185301875653487,8.307731909288623,7.957933004597337,8.16781234741211,5180100,0.0,0.0
2008-04-09 00:00:00-04:00,8.202792938037652,8.37769240531199,7.372019842994716,7.791778564453125,8312300,0.0,0.0
2008-04-10 00:00:00-04:00,7.9229515869528075,8.744979271521935,7.660602042009907,8.526354789733887,7788800,0.0,0.0
2008-04-11 00:00:00-04:00,8.989839074747008,9.225953931600404,8.657529739538306,8.753725051879883,10824400,0.0,0.0
2008-04-14 00:00:00-04:00,9.348381323190033,9.400851559312175,8.87615253403519,9.1647367477417,9120600,0.0,0.0
2008-04-15 00:00:00-04:00,9.400857067955334,9.523287134656904,7.7305653874588005,8.010404586791992,32262700,0.0,0.0
2008-04-16 00:00:00-04:00,8.001656432155078,8.220280933951516,7.511938015163381,7.538172721862793,20470700,0.0,0.0
2008-04-17 00:00:00-04:00,7.555665157895075,7.6780943787817115,7.345784944685879,7.476960182189941,6431600,0.0,0.0
2008-04-18 00:00:00-04:00,7.695584360435688,7.922954093586304,7.5731543116654,7.651859283447266,8146500,0.0,0.0
2008-04-21 00:00:00-04:00,7.529427212548547,7.634366868745926,7.100923407912685,7.1708831787109375,6377300,0.0,0.0
2008-04-22 00:00:00-04:00,6.995985732471642,7.083435887722133,5.859137884147702,5.946588039398193,20105200,0.0,0.0
2008-04-23 00:00:00-04:00,6.060270888196119,6.287640564537751,5.684236904623191,5.736706733703613,21487200,0.0,0.0
2008-04-24 00:00:00-04:00,6.060272179062429,6.462541371357355,5.745453137521967,6.3488569259643555,19369000,0.0,0.0
2008-04-25 00:00:00-04:00,6.21768013264266,6.383834782262432,5.86788089223225,6.13023042678833,11496500,0.0,0.0
2008-04-28 00:00:00-04:00,6.077761759884797,6.322621416666981,5.964077321336509,6.287641525268555,8425400,0.0,0.0
2008-04-29 00:00:00-04:00,6.427562057049339,7.205865383148193,6.427562057049339,7.205865383148193,18722700,0.0,0.0
2008-04-30 00:00:00-04:00,7.188374058597286,7.581898006311763,7.03096414591697,7.441978454589844,15215200,0.0,0.0
2008-05-01 00:00:00-04:00,7.555663235655442,7.887972585208305,7.4944478067994496,7.721817493438721,15114600,0.0,0.0
2008-05-02 00:00:00-04:00,7.791776820427699,7.81801152615015,7.127158159559686,7.43323278427124,8266300,0.0,0.0
2008-05-05 00:00:00-04:00,7.328294678680718,7.345784208202527,6.961005384871949,7.092179775238037,7458600,0.0,0.0
2008-05-06 00:00:00-04:00,6.926024971554451,6.952259680859614,6.689910502842057,6.882299900054932,9182300,0.0,0.0
2008-05-07 00:00:00-04:00,6.908535878761776,7.083435769346659,6.584971644120614,6.707401275634766,7083500,0.0,0.0
2008-05-08 00:00:00-04:00,6.646185002105449,6.847319567425431,6.523755393604248,6.619950294494629,9057400,0.0,0.0
2008-05-09 00:00:00-04:00,6.392581386110793,6.934770135610123,6.357601493691043,6.689910888671875,11068700,0.0,0.0
2008-05-12 00:00:00-04:00,6.978494561028178,6.978494561028178,6.453795806505876,6.506265640258789,7737600,0.0,0.0
2008-05-13 00:00:00-04:00,6.6374390216574115,6.663673724458358,6.340109609959457,6.462539196014404,7796800,0.0,0.0
2008-05-14 00:00:00-04:00,6.5237565781745355,6.978495623599879,6.497521448806835,6.952260494232178,8243200,0.0,0.0
2008-05-15 00:00:00-04:00,6.864809513092041,7.153394215830234,6.646185003649664,6.864809513092041,7882100,0.0,0.0
2008-05-16 00:00:00-04:00,6.81234026688265,6.899789994783653,6.506266010732542,6.5587358474731445,8203200,0.0,0.0
2008-05-19 00:00:00-04:00,6.541245521989392,6.602460536461436,6.1827014499222654,6.252661228179932,8380300,0.0,0.0
2008-05-20 00:00:00-04:00,6.208937061102844,6.208937061102844,5.841647754850036,6.0340375900268555,7104600,0.0,0.0
2008-05-21 00:00:00-04:00,5.946587892810463,6.0165476816917005,4.975894779600208,5.045854568481445,25114200,0.0,0.0
2008-05-22 00:00:00-04:00,5.255734352118392,5.395653929880867,5.019619439154364,5.045854568481445,13338600,0.0,0.0
2008-05-23 00:00:00-04:00,4.940913899330471,5.054598742076285,4.696054270108189,4.809739112854004,13950500,0.0,0.0
2008-05-27 00:00:00-04:00,4.993384027418321,5.246988435088126,4.835974524483221,5.177028656005859,12920100,0.0,0.0
2008-05-28 00:00:00-04:00,5.439377784570526,5.553062633177213,4.870954375523442,4.940914154052734,12853600,0.0,0.0
2008-05-29 00:00:00-04:00,5.05459958162153,5.386908567698883,4.835975040179293,5.369418621063232,9499100,0.0,0.0
2008-05-30 00:00:00-04:00,5.3956547179939625,5.448124567318868,5.115815104601172,5.378164768218994,6889500,0.0,0.0
2008-06-02 00:00:00-04:00,5.465612031914019,5.465612031914019,5.028363069360897,5.1158127784729,9104100,0.0,0.0
2008-06-03 00:00:00-04:00,5.238242948025439,5.3606729712564185,5.133303285535873,5.334437847137451,8720600,0.0,0.0
2008-06-04 00:00:00-04:00,5.343183027508157,5.5355724087390294,5.246988128396145,5.334437847137451,14734700,0.0,0.0
2008-06-05 00:00:00-04:00,5.509338422800272,6.147722078667647,5.509338422800272,5.9815673828125,20509100,0.0,0.0
2008-06-06 00:00:00-04:00,5.579298645392059,5.832903091365041,5.369418859452866,5.509338855743408,16676600,0.0,0.0
2008-06-09 00:00:00-04:00,5.596786968357003,5.684236680035854,5.1770279353054,5.325692653656006,12055400,0.0,0.0
2008-06-10 00:00:00-04:00,5.185773849487305,5.456868224385304,5.098324118390081,5.185773849487305,10392200,0.0,0.0
2008-06-11 00:00:00-04:00,5.115814634233248,5.142049764980188,4.669820747481319,4.687310695648193,11500800,0.0,0.0
2008-06-12 00:00:00-04:00,4.879699479478678,4.993384336009678,4.197591174279078,4.494920253753662,19832000,0.0,0.0
2008-06-13 00:00:00-04:00,4.669818909330517,4.800993260452131,4.547388903360475,4.652328968048096,14150700,0.0,0.0
2008-06-16 00:00:00-04:00,4.538645127531653,4.949659045484607,4.42496027599394,4.862209320068359,13063300,0.0,0.0
2008-06-17 00:00:00-04:00,5.028364695709239,5.0895797203832664,4.8447200386804,5.0108747482299805,8018400,0.0,0.0
2008-06-18 00:00:00-04:00,4.809740129864198,4.940914944077324,4.556135683649,4.76601505279541,9909200,0.0,0.0
2008-06-19 00:00:00-04:00,4.7835052766072845,5.579298973083496,4.757270562444805,5.579298973083496,13864700,0.0,0.0
2008-06-20 00:00:00-04:00,5.185772795803515,5.316947574292891,4.818483999823636,4.967148303985596,13350900,0.0,0.0
2008-06-23 00:00:00-04:00,5.150795266695241,5.150795266695241,4.3287667513850465,4.372491836547852,18983300,0.0,0.0
2008-06-24 00:00:00-04:00,4.459939287575233,4.809738537324744,4.232570046283567,4.599859237670898,16049300,0.0,0.0
2008-06-25 00:00:00-04:00,4.79224946771084,5.037109112189428,4.608604838600193,4.643584728240967,14928600,0.0,0.0
2008-06-26 00:00:00-04:00,4.416213909488548,4.7747578620910645,4.416213909488548,4.7747578620910645,22894600,0.0,0.0
2008-06-27 00:00:00-04:00,4.643584406589762,4.844718966588632,4.564879451853159,4.827229022979736,14732700,0.0,0.0
2008-06-30 00:00:00-04:00,4.7397794718034625,5.037108940615583,4.54738966833921,4.984638690948486,10611700,0.0,0.0
2008-07-01 00:00:00-04:00,4.783503968498341,4.9584038220571305,4.556134700963008,4.835974216461182,12666300,0.0,0.0
2008-07-02 00:00:00-04:00,4.827230662049293,4.827230662049293,4.2413167267165175,4.285041809082031,12043300,0.0,0.0
2008-07-03 00:00:00-04:00,4.372490463738123,4.556135096574578,4.118886050200766,4.328765392303467,6977600,0.0,0.0
2008-07-07 00:00:00-04:00,4.6698206374742455,4.6698206374742455,4.127631423086986,4.267551422119141,15207100,0.0,0.0
2008-07-08 00:00:00-04:00,4.512409621866353,5.159538369502224,4.4249599038056,5.1070685386657715,15903400,0.0,0.0
2008-07-09 00:00:00-04:00,5.019618321100881,5.142048341366616,4.547389434342023,4.617349624633789,15418500,0.0,0.0
2008-07-10 00:00:00-04:00,4.5648799774238356,4.853464705686104,4.33751068433037,4.538645267486572,10383200,0.0,0.0
2008-07-11 00:00:00-04:00,4.285041246633747,4.5736255847857645,4.013946855733571,4.311275959014893,14565500,0.0,0.0
2008-07-14 00:00:00-04:00,4.617349612120201,4.617349612120201,4.057670593261719,4.057670593261719,8584200,0.0,0.0
2008-07-15 00:00:00-04:00,4.022691156888486,4.328765406989956,3.497992382858368,4.083906173706055,15186000,0.0,0.0
2008-07-16 00:00:00-04:00,4.162610247075528,5.343182340849269,4.153865067828676,5.168282508850098,34130000,0.0,0.0
2008-07-17 00:00:00-04:00,5.378163210022008,6.121486485587579,4.827229326240764,5.955331802368164,22248600,0.0,0.0
2008-07-18 00:00:00-04:00,5.911607876973716,6.340111783568494,5.658003021997209,6.060272216796875,14705200,0.0,0.0
2008-07-21 00:00:00-04:00,5.920351343981659,6.243915498474165,5.684236904623191,5.736706733703613,10032000,0.0,0.0
2008-07-22 00:00:00-04:00,5.929097927177608,6.9085358024598005,5.9028627979319985,6.7423810958862305,38305000,0.0,0.0
2008-07-23 00:00:00-04:00,7.083433830449702,7.6868370576723075,6.48002976924085,7.5206828117370605,34163200,0.0,0.0
2008-07-24 00:00:00-04:00,7.135905313683236,7.293315259539525,5.6405133300079635,5.946588039398193,34379900,0.0,0.0
2008-07-25 00:00:00-04:00,6.340111599381957,6.759870728848353,6.156466954178333,6.418816566467285,22090100,0.0,0.0
2008-07-28 00:00:00-04:00,6.287642031583655,6.6024614965136665,5.859137701957635,6.0340375900268555,15768800,0.0,0.0
2008-07-29 00:00:00-04:00,6.375091007575478,6.96974955537779,6.156466486281414,6.9172797203063965,21221100,0.0,0.0
2008-07-30 00:00:00-04:00,7.092179444425565,7.380763756959183,6.121486832629429,6.287641525268555,24472300,0.0,0.0
2008-07-31 00:00:00-04:00,6.208936452104925,6.821085374815274,6.13897667053647,6.593715667724609,15833300,0.0,0.0
2008-08-01 00:00:00-04:00,6.82982985285324,6.8473197975125455,6.261406025936029,6.733634948730469,12986100,0.0,0.0
2008-08-04 00:00:00-04:00,6.821086282062465,7.363275078325676,6.480031676064069,7.100925445556641,18672100,0.0,0.0
2008-08-05 00:00:00-04:00,7.485703646420795,7.660603088956866,7.12715874673894,7.608132839202881,22999800,0.0,0.0
2008-08-06 00:00:00-04:00,7.511939682062557,7.704329519850881,7.004730792064089,7.634368896484375,18919900,0.0,0.0
2008-08-07 00:00:00-04:00,7.153394617282923,7.774288292303646,7.109669546143307,7.686838150024414,15805600,0.0,0.0
2008-08-08 00:00:00-04:00,7.9142082568626195,8.220282102495402,7.870483183490392,7.9754228591918945,19090200,0.0,0.0
2008-08-11 00:00:00-04:00,7.992912895066466,8.972350662188443,7.870482861431328,8.16781234741211,27981400,0.0,0.0
2008-08-12 00:00:00-04:00,8.176559575658855,8.771217862516286,8.01914961214448,8.080364227294922,25886600,0.0,0.0
2008-08-13 00:00:00-04:00,7.975423800143046,8.019148878674017,7.179630540028091,7.293315410614014,19081900,0.0,0.0
2008-08-14 00:00:00-04:00,7.485703447689752,7.940441986211103,7.354528243780403,7.713072299957275,20255000,0.0,0.0
2008-08-15 00:00:00-04:00,8.106598536544002,8.473887005222183,7.940443415155191,8.22902774810791,15447700,0.0,0.0
2008-08-18 00:00:00-04:00,8.089104407456759,8.552587994043588,7.957930074984319,8.2202787399292,14029100,0.0,0.0
2008-08-19 00:00:00-04:00,8.229027219990106,8.325222547458415,7.380763805514818,7.494448661804199,13706100,0.0,0.0
2008-08-20 00:00:00-04:00,7.2233538758502664,7.424488020985934,6.724889852228455,7.2320990562438965,18496400,0.0,0.0
2008-08-21 00:00:00-04:00,6.611205975540654,6.952260137879926,6.4887763510843115,6.908535480499268,14490100,0.0,0.0
2008-08-22 00:00:00-04:00,7.214609027792589,7.739308199772042,7.162138777000107,7.5469183921813965,10831200,0.0,0.0
2008-08-25 00:00:00-04:00,7.441977664957622,7.800521686698249,7.2670782438629535,7.319547653198242,12632700,0.0,0.0
2008-08-26 00:00:00-04:00,7.258334250318363,7.34578355816174,6.794850083194835,6.943514823913574,10027200,0.0,0.0
2008-08-27 00:00:00-04:00,6.646184421439546,6.864808911730275,6.051525957966287,6.401325225830078,27247800,0.0,0.0
2008-08-28 00:00:00-04:00,6.270152162060271,7.258335228350047,6.270152162060271,7.162139892578125,16625300,0.0,0.0
2008-08-29 00:00:00-04:00,6.891045621545253,7.258334916565702,6.742380867180478,7.109670162200928,10810100,0.0,0.0
2008-09-02 00:00:00-04:00,8.150320319531154,8.65752904467019,7.931695840282047,8.019145965576172,31725800,0.0,0.0
2008-09-03 00:00:00-04:00,8.194045908375747,8.51761005836442,7.844247052708603,7.966676235198975,18650100,0.0,0.0
2008-09-04 00:00:00-04:00,7.896716741067036,8.395181170360702,7.800522260880819,7.8355021476745605,17969300,0.0,0.0
2008-09-05 00:00:00-04:00,7.73056324616136,8.15906710994519,7.704328536987305,7.704328536987305,15881000,0.0,0.0
2008-09-08 00:00:00-04:00,7.6868385074722365,7.949188112523158,5.649257937087867,7.51193904876709,27723900,0.0,0.0
2008-09-09 00:00:00-04:00,7.8617369756461475,7.949187110973735,7.1796287556443765,7.197118282318115,16150100,0.0,0.0
2008-09-10 00:00:00-04:00,7.092179242468976,7.232099638064712,6.637440667238546,6.882299900054932,15606000,0.0,0.0
2008-09-11 00:00:00-04:00,6.506266008464171,7.293314393285187,6.462540936032316,7.074689865112305,14668000,0.0,0.0
2008-09-12 00:00:00-04:00,6.987240119198632,7.162139584925884,6.689911027462303,7.109670162200928,12438700,0.0,0.0
2008-09-15 00:00:00-04:00,7.302058164285199,7.450722881449297,6.969748428571526,7.039708614349365,27615200,0.0,0.0
2008-09-16 00:00:00-04:00,7.205864816544545,8.8324319681435,7.188375286584732,8.692511558532715,47668700,0.0,0.0
2008-09-17 00:00:00-04:00,8.351456538740422,8.368946066055893,7.197118546397784,7.870482444763184,21188100,0.0,0.0
2008-09-18 00:00:00-04:00,7.485703000396959,8.307730726367824,7.3195479188373005,8.264005661010742,23124200,0.0,0.0
2008-09-19 00:00:00-04:00,8.220281232088187,8.482630810556175,7.660603020941886,8.456396102905273,17084300,0.0,0.0
2008-09-22 00:00:00-04:00,8.176557069928021,8.24651684694245,7.065944150347897,7.608132839202881,21652700,0.0,0.0
2008-09-23 00:00:00-04:00,7.826756700573489,8.054126373972245,7.5906426812642085,7.739307403564453,16010200,0.0,0.0
2008-09-24 00:00:00-04:00,7.608132947377029,7.669348378624774,7.022219181060791,7.022219181060791,15789300,0.0,0.0
2008-09-25 00:00:00-04:00,7.380764290492907,7.476959624282054,7.048455715179443,7.048455715179443,14759400,0.0,0.0
2008-09-26 00:00:00-04:00,7.048455829582669,7.4419798511455335,6.8560659928681575,6.952260494232178,12564900,0.0,0.0
2008-09-29 00:00:00-04:00,7.27582542383562,7.27582542383562,6.270152735276633,6.410072326660156,14016900,0.0,0.0
2008-09-30 00:00:00-04:00,6.55873446646913,6.742379064889715,5.911606199267535,6.51500940322876,11559500,0.0,0.0
2008-10-01 00:00:00-04:00,6.681166493487472,7.765544537117753,6.515011776439556,7.476960182189941,17813100,0.0,0.0
2008-10-02 00:00:00-04:00,7.852992404569358,7.852992404569358,6.576225583845746,6.9172797203063965,19925900,0.0,0.0
2008-10-03 00:00:00-04:00,7.398253446824885,7.398253446824885,6.576225239733991,6.873554706573486,12244600,0.0,0.0
2008-10-06 00:00:00-04:00,6.768616132965376,6.821086393974649,5.902863081211167,6.331367015838623,14867000,0.0,0.0
2008-10-07 00:00:00-04:00,6.532500231145859,6.532500231145859,4.9059341630812705,4.993383884429932,20630200,0.0,0.0
2008-10-08 00:00:00-04:00,4.8622087121481785,5.290712938601837,4.459939608535817,4.932168483734131,14440400,0.0,0.0
2008-10-09 00:00:00-04:00,5.325693302197734,5.73670720563653,4.844719203903265,4.9496588706970215,18419200,0.0,0.0
2008-10-10 00:00:00-04:00,4.9059341541286745,5.281968163738293,4.617349865708134,5.273223400115967,23903100,0.0,0.0
2008-10-13 00:00:00-04:00,5.736708250587557,5.946588039398193,5.325694272281876,5.946588039398193,13758400,0.0,0.0
2008-10-14 00:00:00-04:00,6.235170024407851,6.488774377872465,5.797921081607745,6.4275593757629395,16499100,0.0,0.0
2008-10-15 00:00:00-04:00,6.165211512368269,6.934769491070831,6.060271427869272,6.506265640258789,17699700,0.0,0.0
2008-10-16 00:00:00-04:00,6.672420453170878,7.77428823457224,6.515010531831724,7.730563163757324,24894700,0.0,0.0
2008-10-17 00:00:00-04:00,7.293314409195825,8.036637306213379,7.249589336668582,8.036637306213379,21158000,0.0,0.0
2008-10-20 00:00:00-04:00,7.783033475731361,8.22902774810791,7.511939506708602,8.22902774810791,14318600,0.0,0.0
2008-10-21 00:00:00-04:00,8.395183262199374,8.963606772729058,8.09785373337345,8.535102844238281,20725600,0.0,0.0
2008-10-22 00:00:00-04:00,8.66627600280795,9.32214957517771,7.52068396343447,8.68376636505127,23933600,0.0,0.0
2008-10-23 00:00:00-04:00,8.272752973521056,8.570082493814594,7.380764412640445,7.695584297180176,14302200,0.0,0.0
2008-10-24 00:00:00-04:00,6.99598412470892,8.229026193251059,6.856064575652549,7.267078876495361,14406800,0.0,0.0
2008-10-27 00:00:00-04:00,7.485704430104693,7.730563675289688,6.567481218177948,6.698655605316162,17844900,0.0,0.0
2008-10-28 00:00:00-04:00,7.135904312133789,7.363274016683731,6.296386108707086,7.135904312133789,15803300,0.0,0.0
2008-10-29 00:00:00-04:00,7.030964430991865,7.406998866980813,6.7773600247167565,6.987239360809326,21301800,0.0,0.0
2008-10-30 00:00:00-04:00,7.660604082699622,8.351457595825195,7.41574399739925,8.351457595825195,19420700,0.0,0.0
2008-10-31 00:00:00-04:00,8.622549302122708,10.406525048561415,8.220280220377402,9.6019868850708,36638200,0.0,0.0
2008-11-03 00:00:00-05:00,9.74191028629758,10.249119177560368,9.610735055393183,10.074219703674316,16670300,0.0,0.0
2008-11-04 00:00:00-05:00,9.68943753850338,10.493975745728102,8.771214493954918,9.864336967468262,24872000,0.0,0.0
2008-11-05 00:00:00-05:00,9.75065035350609,9.934294928954424,8.989837350644741,9.1647367477417,17223200,0.0,0.0
2008-11-06 00:00:00-05:00,8.963604178495768,9.27842314696886,8.220280571562594,8.325221061706543,13832700,0.0,0.0
2008-11-07 00:00:00-05:00,8.806195332733987,8.867410764985983,8.019147400226377,8.272751808166504,10835100,0.0,0.0
2008-11-10 00:00:00-05:00,7.914210371495352,8.211539949087614,7.54692099140922,7.852994918823242,11513700,0.0,0.0
2008-11-11 00:00:00-05:00,7.931697321925035,8.045382172449273,7.511938643669103,7.730563163757324,8692300,0.0,0.0
2008-11-12 00:00:00-05:00,7.730563120910004,7.730563120910004,6.217681433605064,6.4450507164001465,22729500,0.0,0.0
2008-11-13 00:00:00-05:00,6.348857219748285,7.144650459289551,6.287642194786171,7.144650459289551,15547200,0.0,0.0
2008-11-14 00:00:00-05:00,7.074689258993168,7.398253432889528,6.7861049732481336,6.864809513092041,8104200,0.0,0.0
2008-11-17 00:00:00-05:00,6.821085300347429,7.1533946761628515,6.541245760135516,6.882299900054932,8422500,0.0,0.0
2008-11-18 00:00:00-05:00,6.995984280833361,7.424488117877688,6.6549301639008185,6.891044616699219,10868300,0.0,0.0
2008-11-19 00:00:00-05:00,6.864808891548624,7.004728848478668,6.09525058790931,6.121485710144043,15044900,0.0,0.0
2008-11-20 00:00:00-05:00,6.007802243718911,6.663675862037391,5.684238025426832,6.13897705078125,13942200,0.0,0.0
2008-11-21 00:00:00-05:00,6.348856197226343,6.541245589418122,5.500592834625106,5.964076995849609,14946700,0.0,0.0
2008-11-24 00:00:00-05:00,6.034035494040078,6.541244200969308,5.7454512585109025,6.4275593757629395,11889700,0.0,0.0
2008-11-25 00:00:00-05:00,6.42756063149561,7.345783340570316,6.42756063149561,7.337038993835449,14679300,0.0,0.0
2008-11-26 00:00:00-05:00,6.99598528034287,7.564408750776154,6.777360740332155,7.363274574279785,11546700,0.0,0.0
2008-11-28 00:00:00-05:00,7.179629349587993,7.748052774281941,7.013475079503818,7.704328536987305,4626500,0.0,0.0
2008-12-01 00:00:00-05:00,7.520682773826613,7.529427119578735,6.821084240496145,6.96100378036499,9192300,0.0,0.0
2008-12-02 00:00:00-05:00,7.0834344595284,7.51193829908867,6.961004433659899,7.406998634338379,9413600,0.0,0.0
2008-12-03 00:00:00-05:00,7.389509183575902,7.686838687324604,6.995985183785266,7.643113613128662,10961300,0.0,0.0
2008-12-04 00:00:00-05:00,7.67809331463013,8.15906745084432,7.389508999698895,7.765543460845947,12866300,0.0,0.0
2008-12-05 00:00:00-05:00,7.809270057942773,9.121017503250792,7.53817521895836,9.059802055358887,18310300,0.0,0.0
2008-12-08 00:00:00-05:00,9.427089386249897,9.733164058148546,8.66627613111523,9.636969566345215,20026700,0.0,0.0
2008-12-09 00:00:00-05:00,9.42708956040505,10.179158482168617,9.208465029006135,9.505794525146484,18926300,0.0,0.0
2008-12-10 00:00:00-05:00,9.383363359854478,9.838102730837734,9.383363359854478,9.619478225708008,10910500,0.0,0.0
2008-12-11 00:00:00-05:00,9.383364099452812,9.514539313261682,8.229026888258415,8.718746185302734,12290800,0.0,0.0
2008-12-12 00:00:00-05:00,8.290240677654635,9.260933995851484,8.220280904053132,9.182229042053223,7659500,0.0,0.0
2008-12-15 00:00:00-05:00,8.972352302811236,9.514541121216848,8.832432715349986,9.295916557312012,8593200,0.0,0.0
2008-12-16 00:00:00-05:00,9.488302695260526,9.96927588050625,9.182228091934883,9.776886940002441,11474000,0.0,0.0
2008-12-17 00:00:00-05:00,9.278423697470565,9.79437766301453,9.182229215448553,9.619478225708008,17388800,0.0,0.0
2008-12-18 00:00:00-05:00,9.759399722185751,10.056729241906025,9.409600777800998,9.628225326538086,19423500,0.0,0.0
2008-12-19 00:00:00-05:00,9.750652256646362,9.969276754185396,9.155994190450858,9.243443489074707,12998200,0.0,0.0
2008-12-22 00:00:00-05:00,9.182230414413825,9.199720777421422,8.710001455031998,8.963605880737305,12425500,0.0,0.0
2008-12-23 00:00:00-05:00,8.858665287605822,9.23469971347817,8.832430579796641,8.981095314025879,7654400,0.0,0.0
2008-12-24 00:00:00-05:00,9.077289460798688,9.44457869240223,8.867410138164177,9.155994415283203,4376700,0.0,0.0
2008-12-26 00:00:00-05:00,9.182230825883728,9.357130293865175,9.00733135790228,9.269680976867676,2711400,0.0,0.0
2008-12-29 00:00:00-05:00,8.954859824247789,9.523284056657452,8.937370296935516,9.427088737487793,6310100,0.0,0.0
2008-12-30 00:00:00-05:00,9.488301147099572,9.750649811159711,9.330891281474637,9.549515724182129,6092700,0.0,0.0
2008-12-31 00:00:00-05:00,9.593245574721495,10.056729391418479,9.427090448178673,10.021749496459961,9921800,0.0,0.0
2009-01-02 00:00:00-05:00,9.890574015808616,10.983696656044534,9.881828834529994,10.607662200927734,12131800,0.0,0.0
2009-01-05 00:00:00-05:00,10.36280321996375,10.59017210094049,10.126688323505151,10.450252532958984,7662200,0.0,0.0
2009-01-06 00:00:00-05:00,10.310331407749503,11.062399389054196,10.310331407749503,10.826285362243652,14419500,0.0,0.0
2009-01-07 00:00:00-05:00,10.607661648933739,10.86126605491213,10.082962475329866,10.389037132263184,12450000,0.0,0.0
2009-01-08 00:00:00-05:00,10.27535177665541,10.808795270782879,9.88182783285736,10.686366081237793,12583300,0.0,0.0
2009-01-09 00:00:00-05:00,10.660132269191488,10.660132269191488,10.144179052157993,10.284098625183105,9873200,0.0,0.0
2009-01-12 00:00:00-05:00,10.397782300248757,10.703856122817824,9.52328423464626,9.881828308105469,8979600,0.0,0.0
2009-01-13 00:00:00-05:00,9.715672492980957,9.90806228675882,9.444578579644512,9.715672492980957,9980300,0.0,0.0
2009-01-14 00:00:00-05:00,9.488305019471943,9.663204478220788,8.832431423673967,8.99858570098877,8518400,0.0,0.0
2009-01-15 00:00:00-05:00,9.121017417451654,10.144180481886195,8.876157296160502,9.593246459960938,14226500,0.0,0.0
2009-01-16 00:00:00-05:00,9.63696981531982,10.187902904592724,9.462069521724045,9.995513916015625,9946400,0.0,0.0
2009-01-20 00:00:00-05:00,9.969277030919589,10.371546150917329,9.601987798139639,9.654458045959473,11927500,0.0,0.0
2009-01-21 00:00:00-05:00,9.864339059998112,10.056728889664418,7.905463372081093,8.83243179321289,21666900,0.0,0.0
2009-01-22 00:00:00-05:00,8.744981717035634,9.383364982065741,8.535102355983526,9.252190589904785,14128100,0.0,0.0
2009-01-23 00:00:00-05:00,8.832431505916817,9.470814744790987,8.683766756099411,8.97235107421875,9394900,0.0,0.0
2009-01-26 00:00:00-05:00,9.269680156420499,9.269680156420499,8.526356440806886,8.68376636505127,7357800,0.0,0.0
2009-01-27 00:00:00-05:00,8.08910780338314,8.18530229864772,6.55873605679714,6.934770107269287,32765000,0.0,0.0
2009-01-28 00:00:00-05:00,7.293314687533968,7.730563761520547,7.1796298282190865,7.643113613128662,13099200,0.0,0.0
2009-01-29 00:00:00-05:00,7.520683245226252,7.844247409950657,6.873554498784294,7.013474464416504,12747300,0.0,0.0
2009-01-30 00:00:00-05:00,7.135905091792048,7.232100426373689,5.8941175961728325,6.0340375900268555,24654100,0.0,0.0
2009-02-02 00:00:00-05:00,6.200190576258986,6.252660403027891,5.806666250002534,6.1827006340026855,16042100,0.0,0.0
2009-02-03 00:00:00-05:00,6.340111872906451,6.348857054956866,5.815413042685254,6.0340375900268555,12648100,0.0,0.0
2009-02-04 00:00:00-05:00,6.121487043360684,6.226426721168496,5.68423796883492,5.692983150482178,11712200,0.0,0.0
2009-02-05 00:00:00-05:00,5.692982639040697,6.121486493423627,5.2994582571247015,5.710472583770752,16950300,0.0,0.0
2009-02-06 00:00:00-05:00,5.911607705235642,6.707400889789205,5.832902738150314,6.418816566467285,19547500,0.0,0.0
2009-02-09 00:00:00-05:00,6.497520219646808,6.558735231929015,6.26140576797709,6.383835792541504,7765800,0.0,0.0
2009-02-10 00:00:00-05:00,6.2351718088563555,6.558736019051177,5.946587490737016,5.9815673828125,12281000,0.0,0.0
2009-02-11 00:00:00-05:00,6.138976485860371,6.138976485860371,5.386908022637255,5.6580023765563965,15873300,0.0,0.0
2009-02-12 00:00:00-05:00,5.80666725456035,6.112741505493257,5.7017275828679,6.095251560211182,9564400,0.0,0.0
2009-02-13 00:00:00-05:00,6.182701992566671,6.3313663259156225,5.87662731033601,6.217681884765625,10952800,0.0,0.0
2009-02-17 00:00:00-05:00,5.955332591191908,5.972822538216235,5.535573445614833,5.55306339263916,9951600,0.0,0.0
2009-02-18 00:00:00-05:00,5.553062518054526,5.649257420034636,4.748524247660517,4.993383884429932,21440100,0.0,0.0
2009-02-19 00:00:00-05:00,5.150794328064053,5.334438985092893,4.949659723555954,5.0108747482299805,11394300,0.0,0.0
2009-02-20 00:00:00-05:00,4.984638935651105,5.019618825817604,4.250060825161445,4.862209320068359,19568100,0.0,0.0
2009-02-23 00:00:00-05:00,5.089578786410041,5.491847921607046,4.9059341630812705,4.993383884429932,16385800,0.0,0.0
2009-02-24 00:00:00-05:00,5.229497928774031,5.281967757451521,4.82722882525348,5.203262805938721,10671100,0.0,0.0
2009-02-25 00:00:00-05:00,5.255733465469079,5.255733465469079,4.766014191930249,4.993383884429932,10602400,0.0,0.0
2009-02-26 00:00:00-05:00,5.115814019667741,5.246988823657827,4.7048000786248885,4.975894451141357,13172200,0.0,0.0
2009-02-27 00:00:00-05:00,4.809738900857217,4.809738900857217,4.328764843974242,4.3987250328063965,28606000,0.0,0.0
2009-03-02 00:00:00-05:00,4.241317844597457,4.3287676153842645,3.9614785780796735,4.013948440551758,11809100,0.0,0.0
2009-03-03 00:00:00-05:00,4.040180815959354,4.162610840922842,3.4542672751081818,3.7253618240356445,21878200,0.0,0.0
2009-03-04 00:00:00-05:00,3.847791803495658,4.363745409680566,3.77783202075826,3.900261640548706,15851200,0.0,0.0
2009-03-05 00:00:00-05:00,3.7341066116296586,3.8040663880640904,3.3668173683557314,3.436777353286743,15275700,0.0,0.0
2009-03-06 00:00:00-05:00,3.4717579580455835,3.5504627227783203,3.06948874352946,3.5504627227783203,19134400,0.0,0.0
2009-03-09 00:00:00-04:00,3.410543163359233,3.909006885093177,3.3318381896146105,3.6641476154327393,10657500,0.0,0.0
2009-03-10 00:00:00-04:00,3.84779067743312,4.153864845832705,3.61167627129709,4.145119667053223,22514300,0.0,0.0
2009-03-11 00:00:00-04:00,4.162610466261624,4.477429429849639,4.1188854017111725,4.197590351104736,12873000,0.0,0.0
2009-03-12 00:00:00-04:00,4.206334368478935,4.809737900592423,3.9527300398071423,4.661073207855225,11557100,0.0,0.0
2009-03-13 00:00:00-04:00,4.757268835026177,5.334437340943422,4.748523655485316,5.089578151702881,14573800,0.0,0.0
2009-03-16 00:00:00-04:00,5.299457880787071,5.474357732660392,4.783503922400834,4.844718933105469,13374600,0.0,0.0
2009-03-17 00:00:00-04:00,4.940915606851487,5.413144667768931,4.800995591658444,5.378164768218994,9272000,0.0,0.0
2009-03-18 00:00:00-04:00,5.22075261432766,5.553061937716856,4.914678413097872,5.308202743530273,14077100,0.0,0.0
2009-03-19 00:00:00-04:00,5.26447827817187,5.308203347750297,4.626094680887215,4.696054458618164,13994700,0.0,0.0
2009-03-20 00:00:00-04:00,4.722289684463559,4.853464479002886,4.241315576817083,4.389980316162109,12608300,0.0,0.0
2009-03-23 00:00:00-04:00,4.5473891804679125,4.766013668317199,4.2850400452446396,4.757268905639648,13453900,0.0,0.0
2009-03-24 00:00:00-04:00,4.599860760717788,4.949659709295139,4.407470922007006,4.76601505279541,11119700,0.0,0.0
2009-03-25 00:00:00-04:00,4.879698590657053,5.23824262380064,4.696053984170551,4.967148303985596,12549000,0.0,0.0
2009-03-26 00:00:00-04:00,5.072088907100598,5.640512311643505,5.002128712132497,5.491847991943359,13275300,0.0,0.0
2009-03-27 00:00:00-04:00,5.44812426954932,5.588043860101703,5.212009751995537,5.2819695472717285,11567700,0.0,0.0
2009-03-30 00:00:00-04:00,5.1333039813562324,5.1333039813562324,4.62609512691125,4.7222900390625,10306000,0.0,0.0
2009-03-31 00:00:00-04:00,4.879699646145508,5.115814131701154,4.722290128106149,4.92342472076416,10703900,0.0,0.0
2009-04-01 00:00:00-04:00,4.827228441091705,5.203262391851313,4.6873089090868465,5.168282508850098,10889900,0.0,0.0
2009-04-02 00:00:00-04:00,5.255734121318186,5.797922878331344,5.220753811420458,5.640512943267822,14053600,0.0,0.0
2009-04-03 00:00:00-04:00,5.719216661054496,5.929096389612534,5.509337349489583,5.806666374206543,10076300,0.0,0.0
2009-04-06 00:00:00-04:00,5.684238608212661,6.261407318070257,5.684238608212661,6.0690178871154785,14306100,0.0,0.0
2009-04-07 00:00:00-04:00,5.972821493366301,6.1127410450842214,5.684237209451514,5.824156761169434,9306700,0.0,0.0
2009-04-08 00:00:00-04:00,5.876626210805946,6.121485827378044,5.876626210805946,6.042780876159668,8876700,0.0,0.0
2009-04-09 00:00:00-04:00,6.278894608435443,6.506264256673426,6.19144490411048,6.462539196014404,13980000,0.0,0.0
2009-04-13 00:00:00-04:00,6.3576026614052905,6.5937171871028575,6.26140773108605,6.5674824714660645,10827900,0.0,0.0
2009-04-14 00:00:00-04:00,6.5062648619637,6.541244746947931,5.972820990464503,6.121485710144043,12096400,0.0,0.0
2009-04-15 00:00:00-04:00,6.007802304241928,6.541246302606345,5.77168781594837,6.366346836090088,22206200,0.0,0.0
2009-04-16 00:00:00-04:00,6.480031280829045,6.52375635595472,6.156467059277358,6.366346836090088,13652300,0.0,0.0
2009-04-17 00:00:00-04:00,6.313875096119288,6.480029758779417,6.252660505713482,6.401325225830078,7133100,0.0,0.0
2009-04-20 00:00:00-04:00,6.287641168806994,6.3401110029299925,5.885372023537499,5.955331802368164,10625800,0.0,0.0
2009-04-21 00:00:00-04:00,6.051527332104146,7.1271596682680896,5.946587653013988,7.092179775238037,19112200,0.0,0.0
2009-04-22 00:00:00-04:00,6.891045478582041,7.205864510359787,6.471286352551835,6.689910888671875,17275100,0.0,0.0
2009-04-23 00:00:00-04:00,6.821086037063253,7.232100419172411,6.716145937528921,6.995985507965088,16303100,0.0,0.0
2009-04-24 00:00:00-04:00,7.109669125475261,7.109669125475261,6.847319548146746,6.891044616699219,8995800,0.0,0.0
2009-04-27 00:00:00-04:00,5.964076606258122,6.121486098678024,5.3781628700943225,5.902861595153809,31677000,0.0,0.0
2009-04-28 00:00:00-04:00,5.553061889590434,6.077760575293139,5.229497748722963,5.3169474601745605,31823900,0.0,0.0
2009-04-29 00:00:00-04:00,5.561808789291712,5.684238423186859,5.37816412995237,5.43937873840332,26880100,0.0,0.0
2009-04-30 00:00:00-04:00,5.649257159717742,5.658001922953069,5.334437760376227,5.395652770996094,19076800,0.0,0.0
2009-05-01 00:00:00-04:00,5.491847756613556,5.727962205657854,5.465612632500567,5.614277362823486,11660600,0.0,0.0
2009-05-04 00:00:00-04:00,5.8766274366565705,6.2526619113681585,5.832902778964602,6.13897705078125,20046200,0.0,0.0
2009-05-05 00:00:00-04:00,6.252661116463457,6.602460418495087,6.147721450951917,6.584970474243164,20575100,0.0,0.0
2009-05-06 00:00:00-04:00,6.733636590231192,6.891046547530931,6.287642684199573,6.410072326660156,12900200,0.0,0.0
2009-05-07 00:00:00-04:00,6.567479904006667,6.567479904006667,5.894116072006921,6.1039958000183105,13007100,0.0,0.0
2009-05-08 00:00:00-04:00,6.200191211540585,6.270150987733983,5.850391913580443,6.086506366729736,9451600,0.0,0.0
2009-05-11 00:00:00-04:00,5.920351276370184,6.243915427167529,5.797921676580699,6.042780876159668,8079200,0.0,0.0
2009-05-12 00:00:00-04:00,6.0690169772545595,6.173956651133807,5.649257864744373,5.797922611236572,9386700,0.0,0.0
2009-05-13 00:00:00-04:00,5.605532800515569,5.754197547230125,5.491848362139613,5.544318199157715,9330700,0.0,0.0
2009-05-14 00:00:00-04:00,5.509337282290204,5.929096317293202,5.369417325960459,5.570551872253418,14794800,0.0,0.0
2009-05-15 00:00:00-04:00,5.52682776527183,5.7629422194926825,5.448122808200492,5.535572528839111,11900300,0.0,0.0
2009-05-18 00:00:00-04:00,5.658001493329988,5.929096221923828,5.5180819562439645,5.929096221923828,7376700,0.0,0.0
2009-05-19 00:00:00-04:00,5.94658590793549,6.034035614847728,5.762941314923244,5.77168607711792,7495400,0.0,0.0
2009-05-20 00:00:00-04:00,6.051526761530515,6.086506651262457,5.614277722888058,5.6580023765563965,9809700,0.0,0.0
2009-05-21 00:00:00-04:00,5.509339029866942,5.762943483855132,5.509339029866942,5.649258613586426,8256700,0.0,0.0
2009-05-22 00:00:00-04:00,5.579298736991019,5.7104735532324415,5.369418947606094,5.43937873840332,9387900,0.0,0.0
2009-05-26 00:00:00-04:00,5.413142582387809,5.570552069721452,5.378162696313666,5.465612411499023,10211800,0.0,0.0
2009-05-27 00:00:00-04:00,5.491848177051706,5.561807957384703,4.792249539735361,4.862209320068359,27902500,0.0,0.0
2009-05-28 00:00:00-04:00,4.958403843061123,4.958403843061123,4.722289394200743,4.809739112854004,23461400,0.0,0.0
2009-05-29 00:00:00-04:00,4.809740002279955,5.08083438873291,4.748524979406103,5.08083438873291,40407700,0.0,0.0
2009-06-01 00:00:00-04:00,5.325693038286099,5.658001966665617,5.212008196396532,5.623022079467773,16400100,0.0,0.0
2009-06-02 00:00:00-04:00,5.797923131215703,6.200192334156334,5.684238265820909,6.016547679901123,15915700,0.0,0.0
2009-06-03 00:00:00-04:00,5.955331205624506,6.33136518765608,5.806666482009448,6.305130481719971,19371400,0.0,0.0
2009-06-04 00:00:00-04:00,6.243916988372803,6.29638682997337,6.042782387074011,6.243916988372803,13781800,0.0,0.0
2009-06-05 00:00:00-04:00,6.296386569060127,6.340111643745312,5.99031229724348,6.13897705078125,9799500,0.0,0.0
2009-06-08 00:00:00-04:00,5.9290991450009125,6.069018751068039,5.7629444042995415,5.876628875732422,8352500,0.0,0.0
2009-06-09 00:00:00-04:00,5.990312513761243,6.042782355084039,5.841647754850036,6.0340375900268555,5867200,0.0,0.0
2009-06-10 00:00:00-04:00,5.981566899446767,6.034036733319945,5.579297756092559,5.727962493896484,16396400,0.0,0.0
2009-06-11 00:00:00-04:00,5.649257288797484,5.920351627177158,5.465612669734938,5.841646671295166,11698400,0.0,0.0
2009-06-12 00:00:00-04:00,5.841648159684715,5.894118004643748,5.570553752233082,5.5967888832092285,11720900,0.0,0.0
2009-06-15 00:00:00-04:00,5.421887565878757,5.509337701613213,5.2732232525151135,5.334437847137451,11147000,0.0,0.0
2009-06-16 00:00:00-04:00,5.465611563796788,5.640510967041057,5.246987101244916,5.386906623840332,10371800,0.0,0.0
2009-06-17 00:00:00-04:00,5.378162781167424,5.579297337763706,5.18577298773108,5.404397487640381,13028100,0.0,0.0
2009-06-18 00:00:00-04:00,5.491849471996934,5.491849471996934,5.159540020065433,5.229499816894531,7043000,0.0,0.0
2009-06-19 00:00:00-04:00,5.264477678928967,5.3256926859721725,5.177027966719473,5.308202743530273,8133100,0.0,0.0
2009-06-22 00:00:00-04:00,5.255733574427721,5.290713463692367,4.888444320155766,4.940914154052734,7359000,0.0,0.0
2009-06-23 00:00:00-04:00,4.958404520165965,5.0983240891181785,4.643585073030276,4.7222900390625,19412400,0.0,0.0
2009-06-24 00:00:00-04:00,4.809739092479761,4.949658641732274,4.722289374196941,4.835974216461182,12706600,0.0,0.0
2009-06-25 00:00:00-04:00,4.8971889735131855,5.290713344353783,4.809739252324107,5.273223400115967,14931500,0.0,0.0
2009-06-26 00:00:00-04:00,5.264478215535962,5.325693228818799,4.932168858274553,4.984638690948486,21005800,0.0,0.0
2009-06-29 00:00:00-04:00,5.0283626902510274,5.159537452525756,4.940912987732233,5.063342571258545,7698200,0.0,0.0
2009-06-30 00:00:00-04:00,5.072087750006961,5.10706763101448,4.870953225717198,5.063342571258545,11255500,0.0,0.0
2009-07-01 00:00:00-04:00,5.0895780742358525,5.369417143394263,5.0808328948281,5.1158127784729,11359800,0.0,0.0
2009-07-02 00:00:00-04:00,5.20326391729343,5.246988992360388,5.115814184152734,5.142049312591553,12536600,0.0,0.0
2009-07-06 00:00:00-04:00,5.1682842755433125,5.264479195175857,4.975894853271463,5.0108747482299805,9679100,0.0,0.0
2009-07-07 00:00:00-04:00,4.9758939401602,5.045853717239129,4.8884442188115385,4.993383884429932,7472700,0.0,0.0
2009-07-08 00:00:00-04:00,5.054598434307263,5.159538090301514,4.862208647991344,4.967148303985596,9514000,0.0,0.0
2009-07-09 00:00:00-04:00,5.133304342451716,5.133304342451716,4.914679792088425,5.028364658355713,6770600,0.0,0.0
2009-07-10 00:00:00-04:00,5.019617841970985,5.2032624378472985,4.914678192039691,5.1595377922058105,7030800,0.0,0.0
2009-07-13 00:00:00-04:00,5.238244094150982,5.290714353869387,4.984639645816077,5.220754146575928,11536700,0.0,0.0
2009-07-14 00:00:00-04:00,5.124560121650883,5.290714847616634,5.107070172443608,5.229499816894531,8551900,0.0,0.0
2009-07-15 00:00:00-04:00,5.334436802867051,5.474356742455536,5.203262041937314,5.386906623840332,15418600,0.0,0.0
2009-07-16 00:00:00-04:00,5.3519287109375,5.448123626586411,5.264478977162683,5.3519287109375,7825100,0.0,0.0
2009-07-17 00:00:00-04:00,5.36941728704552,5.4306322935581965,5.255732870655001,5.3169474601745605,6614100,0.0,0.0
2009-07-20 00:00:00-04:00,5.255734891763671,5.63176900410715,5.246989708758966,5.483104228973389,13048700,0.0,0.0
2009-07-21 00:00:00-04:00,5.553063921918632,5.570553870609979,4.9933851468022485,5.299459457397461,12702100,0.0,0.0
2009-07-22 00:00:00-04:00,5.24698917001162,5.439378589435023,5.045854568481445,5.045854568481445,14066000,0.0,0.0
2009-07-23 00:00:00-04:00,5.133304736333027,5.334439354780156,4.879700271811857,5.299459457397461,19803800,0.0,0.0
2009-07-24 00:00:00-04:00,5.21200807929456,5.483102407483552,5.142048306470709,5.421887397766113,10841800,0.0,0.0
2009-07-27 00:00:00-04:00,5.369417568148225,5.623021953131254,5.369417568148225,5.421887397766113,9729900,0.0,0.0
2009-07-28 00:00:00-04:00,5.421888346034184,5.727963031159561,5.386908453504405,5.684237957000732,10910700,0.0,0.0
2009-07-29 00:00:00-04:00,5.6142785359920335,5.990312613567215,5.553063511598904,5.972822666168213,14453100,0.0,0.0
2009-07-30 00:00:00-04:00,5.946586982472532,6.077761358047303,5.850392078990285,5.999056816101074,10067600,0.0,0.0
2009-07-31 00:00:00-04:00,5.990312429352277,6.077762163658025,5.937842588768828,6.060272216796875,6954200,0.0,0.0
2009-08-03 00:00:00-04:00,6.156465627772877,6.156465627772877,5.929096374169755,6.1039958000183105,10444500,0.0,0.0
2009-08-04 00:00:00-04:00,6.025291956971436,6.471286200321504,5.990312065374551,6.270151615142822,15680400,0.0,0.0
2009-08-05 00:00:00-04:00,6.296385153575755,6.436305110917145,6.077760663285026,6.401325225830078,16199800,0.0,0.0
2009-08-06 00:00:00-04:00,6.322620767350928,6.471285499023375,6.296385642999786,6.375090599060059,11340700,0.0,0.0
2009-08-07 00:00:00-04:00,6.427560702722457,6.812339901862764,6.191446241544674,6.480030536651611,17177500,0.0,0.0
2009-08-10 00:00:00-04:00,6.488776782733293,6.488776782733293,6.121487467938088,6.1914472579956055,13006100,0.0,0.0
2009-08-11 00:00:00-04:00,6.121487104305819,6.173956943732112,5.964077586026941,6.13897705078125,7973000,0.0,0.0
2009-08-12 00:00:00-04:00,6.0340366014435425,6.418815791763847,5.972821588099461,6.296385765075684,9053400,0.0,0.0
2009-08-13 00:00:00-04:00,6.340110834177622,6.375090722661908,6.2176812244826225,6.296385765075684,7270900,0.0,0.0
2009-08-14 00:00:00-04:00,6.243916729633835,6.28764180431902,6.060272083145203,6.13897705078125,6355900,0.0,0.0
2009-08-17 00:00:00-04:00,5.911606025170594,5.9728206115126135,5.727961432158348,5.77168607711792,6153400,0.0,0.0
2009-08-18 00:00:00-04:00,5.876626471253918,5.937841482358231,5.815411877142752,5.902861595153809,4708300,0.0,0.0
2009-08-19 00:00:00-04:00,5.824155901265263,5.937840728747719,5.745451373540796,5.77168607711792,4675900,0.0,0.0
2009-08-20 00:00:00-04:00,5.8154132235157014,6.09525238593889,5.8154132235157014,5.946588039398193,5700000,0.0,0.0
2009-08-21 00:00:00-04:00,5.9728217311457446,6.235171318054199,5.9728217311457446,6.235171318054199,8120200,0.0,0.0
2009-08-24 00:00:00-04:00,6.243916631645674,6.558736080256064,6.138976954439947,6.200191974639893,10571200,0.0,0.0
2009-08-25 00:00:00-04:00,6.252661323265846,6.480030606060929,6.235171378435455,6.4450507164001465,11041800,0.0,0.0
2009-08-26 00:00:00-04:00,6.445050120589866,6.724889628999639,6.3576004045221675,6.523755073547363,12284200,0.0,0.0
2009-08-27 00:00:00-04:00,6.541245413513935,6.5587353577883105,6.340110845862034,6.549990177154541,10430300,0.0,0.0
2009-08-28 00:00:00-04:00,6.567481318964811,6.681165761763024,6.383836673761186,6.418816566467285,7247800,0.0,0.0
2009-08-31 00:00:00-04:00,6.26140631563303,6.375091169674973,6.19144653375897,6.313876152038574,8286500,0.0,0.0
2009-09-01 00:00:00-04:00,6.226427008210443,6.3138767437484375,5.902862778223248,6.0340375900268555,16075800,0.0,0.0
2009-09-02 00:00:00-04:00,5.955332255259284,6.103997005076691,5.894117235630586,5.9815673828125,9498700,0.0,0.0
2009-09-03 00:00:00-04:00,6.016548097335638,6.35760230018949,5.999058148907062,6.261407375335693,10317300,0.0,0.0
2009-09-04 00:00:00-04:00,6.21768002390451,6.523754197538419,6.21768002390451,6.462539196014404,8522600,0.0,0.0
2009-09-08 00:00:00-04:00,6.4712855122352595,6.558735231929015,6.340110724198048,6.383835792541504,8509700,0.0,0.0
2009-09-09 00:00:00-04:00,6.357602479891335,6.558737101001787,6.270152735276633,6.410072326660156,9099800,0.0,0.0
2009-09-10 00:00:00-04:00,6.63744037338226,7.214608956461355,6.63744037338226,7.083434581756592,30430400,0.0,0.0
2009-09-11 00:00:00-04:00,7.092179957098376,7.450724912333404,6.978495510332175,7.048455715179443,15809300,0.0,0.0
2009-09-14 00:00:00-04:00,7.074688650667255,7.634366812963877,6.9435138728824235,7.5206828117370605,19562600,0.0,0.0
2009-09-15 00:00:00-04:00,7.5469197954862555,8.202793465423209,7.5469197954862555,8.00165843963623,27904000,0.0,0.0
2009-09-16 00:00:00-04:00,8.14157647879442,8.605060170012473,7.887972100506851,8.264005661010742,23538300,0.0,0.0
2009-09-17 00:00:00-04:00,8.447653752743403,8.55259345249335,7.818014720257123,8.010404586791992,20330000,0.0,0.0
2009-09-18 00:00:00-04:00,7.992912055239538,8.071616175035741,7.57315257972836,7.8355021476745605,14600600,0.0,0.0
2009-09-21 00:00:00-04:00,7.6518569522069795,8.482629825935065,7.616877068070625,8.438904762268066,17046300,0.0,0.0
2009-09-22 00:00:00-04:00,8.377692368696252,8.64004198545435,8.176558190706457,8.307732582092285,14670800,0.0,0.0
2009-09-23 00:00:00-04:00,8.368945433595545,8.368945433595545,7.739307486067828,7.9491868019104,13719600,0.0,0.0
2009-09-24 00:00:00-04:00,7.957933209249755,8.080362412047004,7.783032918419865,7.800523281097412,10580800,0.0,0.0
2009-09-25 00:00:00-04:00,7.90546132528605,8.167810873454274,7.852991082057917,7.914206504821777,11932500,0.0,0.0
2009-09-28 00:00:00-04:00,8.027892360534072,8.080361776466816,7.844247736796811,7.870482444763184,11278300,0.0,0.0
2009-09-29 00:00:00-04:00,7.992913079771821,8.132832644881686,7.922953297216887,8.045382499694824,11311500,0.0,0.0
2009-09-30 00:00:00-04:00,8.027891942033278,8.115341242024488,7.783031900490806,7.8355021476745605,13142200,0.0,0.0
2009-10-01 00:00:00-04:00,7.826756828678885,7.826756828678885,7.074688858957576,7.118413925170898,13969800,0.0,0.0
2009-10-02 00:00:00-04:00,6.9697498122818935,7.424488816655444,6.90853521093883,7.275824069976807,14677100,0.0,0.0
2009-10-05 00:00:00-04:00,7.310803277761308,7.5993875628054175,7.27582338969494,7.380763053894043,9839400,0.0,0.0
2009-10-06 00:00:00-04:00,7.564407199891032,7.704327577359457,7.267078586984571,7.38950777053833,9347300,0.0,0.0
2009-10-07 00:00:00-04:00,7.4244893784746795,7.4594692724585965,7.22335519656377,7.2408447265625,7273000,0.0,0.0
2009-10-08 00:00:00-04:00,7.302058693595511,7.7218173367312515,7.302058693595511,7.538172721862793,10533600,0.0,0.0
2009-10-09 00:00:00-04:00,7.555662078706712,7.739306669181791,7.450722431861836,7.581896781921387,6043600,0.0,0.0
2009-10-12 00:00:00-04:00,7.643110987772253,7.81801039049285,7.494446286963211,7.7830305099487305,9939200,0.0,0.0
2009-10-13 00:00:00-04:00,7.7830305099487305,7.85299027103697,7.634365809139689,7.7830305099487305,8685200,0.0,0.0
2009-10-14 00:00:00-04:00,7.8879718002008214,8.00165579822037,7.852991082057917,7.914206504821777,9047900,0.0,0.0
2009-10-15 00:00:00-04:00,7.870482296355302,8.036636555657713,7.765542632482256,7.931696891784668,16666500,0.0,0.0
2009-10-16 00:00:00-04:00,7.861738132725454,7.966677810171651,7.826758240243389,7.8967180252075195,9034900,0.0,0.0
2009-10-19 00:00:00-04:00,7.826754989143922,7.914205101017024,7.713070177303319,7.861734867095947,14738100,0.0,0.0
2009-10-20 00:00:00-04:00,7.905463792781704,8.010403478006085,7.8442491848974365,7.887974262237549,10996900,0.0,0.0
2009-10-21 00:00:00-04:00,7.887973948845215,8.045383053434618,7.188375241158194,7.28456974029541,29808200,0.0,0.0
2009-10-22 00:00:00-04:00,7.511938961991016,7.573153563334081,6.759870464260192,7.275824069976807,23380000,0.0,0.0
2009-10-23 00:00:00-04:00,7.328295438439493,7.328295438439493,7.0746909791826385,7.205865383148193,11424700,0.0,0.0
2009-10-26 00:00:00-04:00,7.205864747561945,7.363274685625638,6.78610602470736,6.81234073638916,15043300,0.0,0.0
2009-10-27 00:00:00-04:00,6.943513818181845,6.943513818181845,6.611204494943016,6.681164264678955,12166400,0.0,0.0
2009-10-28 00:00:00-04:00,6.76861524049352,6.76861524049352,6.270151579569341,6.287641525268555,14951300,0.0,0.0
2009-10-29 00:00:00-04:00,6.401324687101189,6.6636738031751594,6.35759962592565,6.436304569244385,9348900,0.0,0.0
2009-10-30 00:00:00-04:00,6.34011190647046,6.523756560569063,6.051527569170722,6.243916988372803,10238600,0.0,0.0
2009-11-02 00:00:00-05:00,6.2439163397228645,6.383836319782009,5.929097322824468,6.077761650085449,11587900,0.0,0.0
2009-11-03 00:00:00-05:00,6.077761679717027,6.4188162418428565,6.060271734248512,6.313876152038574,13076600,0.0,0.0
2009-11-04 00:00:00-05:00,6.40132737975756,6.724891634182837,6.252662609618038,6.261407375335693,9928800,0.0,0.0
2009-11-05 00:00:00-05:00,6.305132633122514,6.453797407464145,6.200192939584871,6.410072326660156,6557500,0.0,0.0
2009-11-06 00:00:00-05:00,6.375091649755744,6.9522603106740215,6.375091649755744,6.81234073638916,9312600,0.0,0.0
2009-11-09 00:00:00-05:00,6.926023979045165,7.022218455370201,6.759869314947657,6.899788856506348,8623800,0.0,0.0
2009-11-10 00:00:00-05:00,6.908534789957181,6.908534789957181,6.716144982334311,6.7598700523376465,6528600,0.0,0.0
2009-11-11 00:00:00-05:00,6.856065558143103,7.004730308816085,6.812340484300506,6.934770107269287,8015400,0.0,0.0
2009-11-12 00:00:00-05:00,6.908534215095912,7.135903476011544,6.812339319288884,6.821084499359131,8189400,0.0,0.0
2009-11-13 00:00:00-05:00,6.899789035025665,6.9872387507624465,6.803594556211775,6.821084499359131,5500300,0.0,0.0
2009-11-16 00:00:00-05:00,6.917279582111803,7.109669390523166,6.891044873596819,6.987239360809326,8563300,0.0,0.0
2009-11-17 00:00:00-05:00,7.065944997657422,7.065944997657422,6.85606564144655,6.908535480499268,4053000,0.0,0.0
2009-11-18 00:00:00-05:00,6.943514168965802,6.978494055600943,6.707399725682028,6.786104679107666,5219500,0.0,0.0
2009-11-19 00:00:00-05:00,6.698655762531006,6.71614570902613,6.471286458094385,6.637441158294678,6059700,0.0,0.0
2009-11-20 00:00:00-05:00,6.6286954181838125,6.724890324300651,6.5237557480526345,6.663675308227539,7665900,0.0,0.0
2009-11-23 00:00:00-05:00,6.742380107734947,6.829829830748446,6.663675148526211,6.7598700523376465,9051600,0.0,0.0
2009-11-24 00:00:00-05:00,6.733635497485447,6.829830409447585,6.558736036639023,6.698655605316162,8591600,0.0,0.0
2009-11-25 00:00:00-05:00,6.768614077798513,6.9085340363503285,6.689909544168313,6.899788856506348,6441200,0.0,0.0
2009-11-27 00:00:00-05:00,6.6986551990123315,6.934769665330194,6.549990457813458,6.9172797203063965,3149200,0.0,0.0
2009-11-30 00:00:00-05:00,6.882300735393931,7.162139892578125,6.838576075580519,7.162139892578125,9449800,0.0,0.0
2009-12-01 00:00:00-05:00,7.267078806667533,7.5644074285622045,7.170883492125876,7.538172721862793,12252400,0.0,0.0
2009-12-02 00:00:00-05:00,7.608132426988503,8.132831560154447,7.608132426988503,8.124086380004883,18165900,0.0,0.0
2009-12-03 00:00:00-05:00,8.089104494744268,8.202789306640625,7.887970404917997,8.202789306640625,11087700,0.0,0.0
2009-12-04 00:00:00-05:00,8.307732725565812,8.73623663441193,8.22028257380738,8.692511558532715,21419800,0.0,0.0
2009-12-07 00:00:00-05:00,8.447651972924644,9.024820616940154,8.246517799277116,8.88490104675293,20451300,0.0,0.0
2009-12-08 00:00:00-05:00,8.753728137147862,8.9810978941096,8.605063360210307,8.640043258666992,15393000,0.0,0.0
2009-12-09 00:00:00-05:00,8.605060497544287,8.74498004482366,8.430161063445071,8.631295204162598,9194100,0.0,0.0
2009-12-10 00:00:00-05:00,8.640043258666992,8.762473320258675,8.552593095531996,8.640043258666992,8632300,0.0,0.0
2009-12-11 00:00:00-05:00,8.68376610804181,10.013002741697468,8.68376610804181,9.838103294372559,43409100,0.0,0.0
2009-12-14 00:00:00-05:00,10.06547525981086,10.231629563693819,9.52328643399997,9.698185920715332,21146400,0.0,0.0
2009-12-15 00:00:00-05:00,9.400855646191873,9.74191024428885,9.278425598006338,9.57575511932373,14672100,0.0,0.0
2009-12-16 00:00:00-05:00,9.654458914029647,10.205392812736193,9.532028880766068,10.187902450561523,14941800,0.0,0.0
2009-12-17 00:00:00-05:00,10.09170813704767,10.485232119009769,9.951788573148825,10.14417839050293,12232500,0.0,0.0
2009-12-18 00:00:00-05:00,10.126689757494198,10.196649551391602,9.523286326632462,10.196649551391602,20701400,0.0,0.0
2009-12-21 00:00:00-05:00,9.794379920215642,10.196649135720275,9.794379920215642,9.960535049438477,13272600,0.0,0.0
2009-12-22 00:00:00-05:00,10.056728819431273,10.563937684474977,10.056728819431273,10.310333251953125,17657900,0.0,0.0
2009-12-23 00:00:00-05:00,10.28409856410873,10.458998029351442,10.013003767492698,10.327823638916016,8726100,0.0,0.0
2009-12-24 00:00:00-05:00,10.371546992124008,10.432762425209875,10.161667651794549,10.292842864990234,3451000,0.0,0.0
2009-12-28 00:00:00-05:00,10.004257490701542,10.074218103127409,9.715673196141925,9.873083114624023,13631500,0.0,0.0
2009-12-29 00:00:00-05:00,9.733162553154292,9.960532226608365,9.645712422137724,9.908061981201172,9232300,0.0,0.0
2009-12-30 00:00:00-05:00,9.84684826960367,9.969277463181243,9.663203645250979,9.943042755126953,8492500,0.0,0.0
2009-12-31 00:00:00-05:00,9.881829118019525,10.039238215618498,9.811869333756333,9.951788902282715,8734300,0.0,0.0
2010-01-04 00:00:00-05:00,9.811867713928223,9.99551232579806,9.575752855530029,9.811867713928223,14482500,0.0,0.0
2010-01-05 00:00:00-05:00,9.899316656429285,10.79130497739383,9.873081951102753,10.581425666809082,25066000,0.0,0.0
2010-01-06 00:00:00-05:00,10.48522836392557,10.703852812717942,10.362799206352935,10.590167999267578,14980700,0.0,0.0
2010-01-07 00:00:00-05:00,10.546447563267911,11.246045383396474,10.537702382019708,11.097380638122559,19814500,0.0,0.0
2010-01-08 00:00:00-05:00,11.03616456146325,11.237299533341705,10.53770097278587,10.904990196228027,24589200,0.0,0.0
2010-01-11 00:00:00-05:00,10.79130668738749,11.272280809182522,10.607662053028891,11.184830665588379,16220400,0.0,0.0
2010-01-12 00:00:00-05:00,11.079893335048276,11.28977272324186,10.765074252757897,10.966208457946777,12905500,0.0,0.0
2010-01-13 00:00:00-05:00,10.957459054981978,11.333493439499568,10.85251940129977,11.237298965454102,11763200,0.0,0.0
2010-01-14 00:00:00-05:00,11.12361639850576,11.639570426388854,11.097380854250197,11.51714038848877,12026800,0.0,0.0
2010-01-15 00:00:00-05:00,11.525883311668798,11.657057671300324,11.00992938487531,11.141103744506836,9127500,0.0,0.0
2010-01-19 00:00:00-05:00,11.193577305547398,11.622081230233418,11.184832123250994,11.3947114944458,9836500,0.0,0.0
2010-01-20 00:00:00-05:00,11.34224143787958,11.796980050179565,11.097381351116224,11.727020263671875,20133800,0.0,0.0
2010-01-21 00:00:00-05:00,11.805728020733335,11.971882344441388,11.49965325697152,11.753257751464844,24669200,0.0,0.0
2010-01-22 00:00:00-05:00,11.639570211757688,12.006858650712415,11.289770467344708,11.622079849243164,22279200,0.0,0.0
2010-01-25 00:00:00-05:00,11.70078282702601,11.928152497213082,11.32474843663864,11.657057762145996,19299600,0.0,0.0
2010-01-26 00:00:00-05:00,11.176085795597055,11.718274532611819,11.106126012368467,11.499650001525879,16290600,0.0,0.0
2010-01-27 00:00:00-05:00,11.377218924204225,11.753252488633953,11.211063840909885,11.508393287658691,24581400,0.0,0.0
2010-01-28 00:00:00-05:00,11.569609657701596,11.840704440225123,11.04491128924921,11.062400817871094,17086500,0.0,0.0
2010-01-29 00:00:00-05:00,11.193573758486131,11.508392715517342,10.660129483256027,10.695109367370605,19296900,0.0,0.0
2010-02-01 00:00:00-05:00,10.817540738588717,11.05365561153272,10.773815669452457,11.044910430908203,9733500,0.0,0.0
2010-02-02 00:00:00-05:00,11.19357657126758,11.42969063987643,11.071146529108571,11.281025886535645,12952100,0.0,0.0
2010-02-03 00:00:00-05:00,11.289769991892802,11.289769991892802,10.773815995252425,10.861266136169434,9609600,0.0,0.0
2010-02-04 00:00:00-05:00,10.310333838364356,10.520213208115464,9.899319447111909,10.021749496459961,17073600,0.0,0.0
2010-02-05 00:00:00-05:00,9.978022795086659,10.257861909203827,9.558264123910906,9.881828308105469,20004600,0.0,0.0
2010-02-08 00:00:00-05:00,9.890573545563207,10.144177952680911,9.741908806840447,9.838103294372559,9296400,0.0,0.0
2010-02-09 00:00:00-05:00,10.082963514468402,10.97495203472502,10.082963514468402,10.83503246307373,23978700,0.0,0.0
2010-02-10 00:00:00-05:00,10.730089132379456,10.782558536897659,10.047980201753639,10.12668514251709,19463200,0.0,0.0
2010-02-11 00:00:00-05:00,10.187904077120926,10.686368636859031,10.126689467709046,10.345314025878906,14521800,0.0,0.0
2010-02-12 00:00:00-05:00,10.222884181778143,10.730093934354954,10.117944491792551,10.712603569030762,12768600,0.0,0.0
2010-02-16 00:00:00-05:00,10.782560072077397,11.036164453985661,10.756325366083098,10.913734436035156,7985600,0.0,0.0
2010-02-17 00:00:00-05:00,10.782559703116704,11.193573974899088,10.782559703116704,11.13235855102539,10321500,0.0,0.0
2010-02-18 00:00:00-05:00,11.027418290365055,11.211062883916892,10.852518876026686,10.97494888305664,7197400,0.0,0.0
2010-02-19 00:00:00-05:00,10.913736001842214,11.14110571037719,10.913736001842214,11.097380638122559,4816200,0.0,0.0
2010-02-22 00:00:00-05:00,11.13235855102539,11.552118002502054,11.088634320526483,11.13235855102539,9824800,0.0,0.0
2010-02-23 00:00:00-05:00,11.132360708607525,11.307261000445836,10.913736177796038,11.053656578063965,5596600,0.0,0.0
2010-02-24 00:00:00-05:00,11.036163159689679,11.16733834224978,10.887498453179932,11.149847984313965,6896100,0.0,0.0
2010-02-25 00:00:00-05:00,11.001185281167327,11.141104834189118,10.808795478769204,11.071145057678223,6528800,0.0,0.0
2010-02-26 00:00:00-05:00,11.14110727849518,11.38596738399078,11.079892669114532,11.298517227172852,6592000,0.0,0.0
2010-03-01 00:00:00-05:00,11.307261038362684,11.805724703408739,11.307261038362684,11.51714038848877,8057800,0.0,0.0
2010-03-02 00:00:00-05:00,11.525886195634698,11.735765557154897,11.132361350301263,11.17608642578125,9626600,0.0,0.0
2010-03-03 00:00:00-05:00,11.219808478556807,11.429687783533875,11.132358351156583,11.307258605957031,5705700,0.0,0.0
2010-03-04 00:00:00-05:00,11.429690862781436,11.429690862781436,11.009932139741037,11.17608642578125,7559000,0.0,0.0
2010-03-05 00:00:00-05:00,11.228556831441837,11.316006149570242,11.027421815172234,11.10612678527832,7205000,0.0,0.0
2010-03-08 00:00:00-05:00,11.106128050075835,11.281027540237156,10.948718925923922,10.966208457946777,10698200,0.0,0.0
2010-03-09 00:00:00-05:00,11.088636199223282,11.604590212793997,11.036165946154066,11.20232105255127,17172100,0.0,0.0
2010-03-10 00:00:00-05:00,11.368475442635738,11.858194751734057,11.32475037028986,11.63082504272461,17016700,0.0,0.0
2010-03-11 00:00:00-05:00,11.525883900106118,11.613333199662986,11.246043973159804,11.359728813171387,10470400,0.0,0.0
2010-03-12 00:00:00-05:00,11.455925371670908,11.46466971878636,11.088636105257946,11.219810485839844,7359600,0.0,0.0
2010-03-15 00:00:00-04:00,11.228554971820898,11.228554971820898,10.939970685216874,11.071145057678223,13433400,0.0,0.0
2010-03-16 00:00:00-04:00,11.219811138822449,11.368475890260148,11.079891568995535,11.350985527038574,8101500,0.0,0.0
2010-03-17 00:00:00-04:00,11.298515225240001,11.412200075365401,11.15859566631223,11.316004753112793,8628800,0.0,0.0
2010-03-18 00:00:00-04:00,11.289768843863222,11.499648159938294,11.281023663863525,11.464668273925781,6619800,0.0,0.0
2010-03-19 00:00:00-04:00,10.992439270019531,11.447178616966623,10.98369492410613,10.992439270019531,9765000,0.0,0.0
2010-03-22 00:00:00-04:00,10.861267812942017,11.447181679175387,10.782562840763433,11.429691314697266,7552800,0.0,0.0
2010-03-23 00:00:00-04:00,11.429688920517192,11.753253089707032,11.202320067833996,11.744508743286133,9092700,0.0,0.0
2010-03-24 00:00:00-04:00,11.674549328870013,12.129287882279012,11.665804148192487,12.076818466186523,11060200,0.0,0.0
2010-03-25 00:00:00-04:00,12.138034245514646,12.636497916888178,12.111799534912464,12.41787338256836,17938500,0.0,0.0
2010-03-26 00:00:00-04:00,12.374149702526635,13.03002337935285,12.374149702526635,12.680224418640137,12418800,0.0,0.0
2010-03-29 00:00:00-04:00,12.74143397340531,12.907589039315631,12.671474209017653,12.811393737792969,12981500,0.0,0.0
2010-03-30 00:00:00-04:00,12.820139949709294,12.960059489757413,12.680220409661176,12.785160064697266,11130600,0.0,0.0
2010-03-31 00:00:00-04:00,12.662733913999231,12.855123757263296,12.584029774196498,12.758929252624512,6676200,0.0,0.0
2010-04-01 00:00:00-04:00,12.793905101778927,13.021274768814786,12.776414742474829,12.84637451171875,7045600,0.0,0.0
2010-04-05 00:00:00-04:00,12.84637498483745,12.925079936632041,12.461596239824884,12.610260963439941,12949300,0.0,0.0
2010-04-06 00:00:00-04:00,12.479090857819612,12.820144653320312,12.479090857819612,12.820144653320312,9131800,0.0,0.0
2010-04-07 00:00:00-04:00,12.723947171041761,12.811396478239258,12.295443314010871,12.391637802124023,16171400,0.0,0.0
2010-04-08 00:00:00-04:00,12.793908797581457,12.968808271214826,12.557793882686552,12.951318740844727,13900700,0.0,0.0
2010-04-09 00:00:00-04:00,12.907591110240663,12.995040412762725,12.671476242059844,12.750181198120117,11695600,0.0,0.0
2010-04-12 00:00:00-04:00,12.828887535706931,13.065001595328262,12.776417281354192,13.056257247924805,8403200,0.0,0.0
2010-04-13 00:00:00-04:00,12.97755122121388,13.047510998633927,12.505322306635389,12.566536903381348,9319100,0.0,0.0
2010-04-14 00:00:00-04:00,12.653986108930505,12.9250800179437,12.531556090481349,12.584026336669922,10568900,0.0,0.0
2010-04-15 00:00:00-04:00,12.592770682712793,12.73269106122023,12.251717001439015,12.584026336669922,14046900,0.0,0.0
2010-04-16 00:00:00-04:00,12.575281920467312,12.592771447601642,11.980622986146313,12.129287719726562,13023100,0.0,0.0
2010-04-19 00:00:00-04:00,12.050582960745688,12.417872210453709,11.517139447591818,11.525884628295898,18874700,0.0,0.0
2010-04-20 00:00:00-04:00,11.718272602780344,11.788232374487562,11.088634657415387,11.508393287658691,25945600,0.0,0.0
2010-04-21 00:00:00-04:00,11.692037816253226,11.692037816253226,10.800050316144613,10.992439270019531,25576200,0.0,0.0
2010-04-22 00:00:00-04:00,11.018675129023265,11.228554448779485,10.581426129204663,10.808794975280762,26749900,0.0,0.0
2010-04-23 00:00:00-04:00,10.904991226755135,11.560864782884181,10.88750086494491,11.377220153808594,20970900,0.0,0.0
2010-04-26 00:00:00-04:00,11.438434796845643,11.4996493954478,11.17608520657212,11.324749946594238,14005900,0.0,0.0
2010-04-27 00:00:00-04:00,11.263534643339778,11.359729125694674,10.668875720453464,10.686366081237793,13762800,0.0,0.0
2010-04-28 00:00:00-04:00,10.904989679677238,10.992438974362972,10.590169883647139,10.651385307312012,13210400,0.0,0.0
2010-04-29 00:00:00-04:00,10.808792448059952,10.939967617727028,10.450248485478234,10.590167999267578,13514300,0.0,0.0
2010-04-30 00:00:00-04:00,10.677623970363905,11.001188232012927,10.493979299267266,10.563939094543457,22022900,0.0,0.0
2010-05-03 00:00:00-04:00,10.756328072292186,11.141106914965595,10.633898023539226,11.009932518005371,12473500,0.0,0.0
2010-05-04 00:00:00-04:00,10.738837237514725,10.800052676203041,10.047983720213397,10.284098625183105,18811600,0.0,0.0
2010-05-05 00:00:00-04:00,10.065474030884735,10.861267223768579,9.881829383758737,10.782562255859375,24063000,0.0,0.0
2010-05-06 00:00:00-04:00,10.625150474290482,10.957459817743018,9.532027963191203,10.249116897583008,21529100,0.0,0.0
2010-05-07 00:00:00-04:00,10.257860261182849,10.765069825011784,9.969276012616685,10.2316255569458,22890900,0.0,0.0
2010-05-10 00:00:00-04:00,10.878758767869472,10.878758767869472,10.581430038688303,10.756329536437988,9885000,0.0,0.0
2010-05-11 00:00:00-04:00,10.642640657160225,10.93997010865473,10.42401615858912,10.843774795532227,13176200,0.0,0.0
2010-05-12 00:00:00-04:00,10.966205013653877,11.91066279787392,10.931225126608183,11.849448204040527,19995700,0.0,0.0
2010-05-13 00:00:00-04:00,11.805722614504257,12.216736894599444,11.525883530517534,11.587098121643066,10911900,0.0,0.0
2010-05-14 00:00:00-04:00,11.552121164020198,12.155524550295215,11.377221692200372,12.015604972839355,19889400,0.0,0.0
2010-05-17 00:00:00-04:00,12.033094029876876,12.242973373261776,11.630824871395964,12.190503120422363,10750400,0.0,0.0
2010-05-18 00:00:00-04:00,12.225481685226883,12.33042217952572,11.761997977016552,11.866937637329102,11284500,0.0,0.0
2010-05-19 00:00:00-04:00,11.718274745958173,12.111799576266614,11.543375284702432,11.91940975189209,10407300,0.0,0.0
2010-05-20 00:00:00-04:00,11.569609246231645,11.718273987169198,11.246045055363547,11.289770126342773,15818600,0.0,0.0
2010-05-21 00:00:00-04:00,11.088636246676622,11.840704317311305,11.062400703036548,11.665804862976074,11238500,0.0,0.0
2010-05-24 00:00:00-04:00,11.473414839718641,12.15552311634283,11.377220350062144,11.770744323730469,9253200,0.0,0.0
2010-05-25 00:00:00-04:00,11.36847460070401,12.173012869934277,11.36847460070401,12.103053092956543,12158200,0.0,0.0
2010-05-26 00:00:00-04:00,12.216736028141653,12.66272932811737,11.744507190413215,12.111796379089355,16419800,0.0,0.0
2010-05-27 00:00:00-04:00,12.321680274485933,12.470345041274276,12.10305571556031,12.199250221252441,12319900,0.0,0.0
2010-05-28 00:00:00-04:00,11.936900300001906,12.16427003603669,11.718275746273031,11.875685691833496,8475200,0.0,0.0
2010-06-01 00:00:00-04:00,11.639568868767533,12.13803246710858,11.578353441016214,11.840703010559082,11559500,0.0,0.0
2010-06-02 00:00:00-04:00,12.146779651406286,12.46159868640671,12.120544106333096,12.32167911529541,17184800,0.0,0.0
2010-06-03 00:00:00-04:00,12.400384657737893,12.68022381294092,12.277954610343336,12.487833976745605,10460200,0.0,0.0
2010-06-04 00:00:00-04:00,12.199249931273851,12.330425163903067,11.805725901359176,11.875685691833496,10129700,0.0,0.0
2010-06-07 00:00:00-04:00,11.963132720179884,12.13803215065316,11.464668300848208,11.482158660888672,8644600,0.0,0.0
2010-06-08 00:00:00-04:00,11.595846215948992,11.744510975178066,11.176086650482645,11.53463077545166,10711200,0.0,0.0
2010-06-09 00:00:00-04:00,11.587098859838068,12.006857512560284,11.587098859838068,11.683293342590332,8691600,0.0,0.0
2010-06-10 00:00:00-04:00,11.928155448397533,11.980624872046185,11.657060646257984,11.674551010131836,12495600,0.0,0.0
2010-06-11 00:00:00-04:00,11.552118852388723,11.884428199343015,11.438434009958073,11.761998176574707,9612100,0.0,0.0
2010-06-14 00:00:00-04:00,11.936897211895722,12.295442087803238,11.901917325707949,11.971877098083496,16056800,0.0,0.0
2010-06-15 00:00:00-04:00,12.146778825152444,12.382892876845094,12.024348791764835,12.234228134155273,12452700,0.0,0.0
2010-06-16 00:00:00-04:00,12.138033517964498,12.662731868489947,12.050583375883742,12.312932968139648,12239100,0.0,0.0
2010-06-17 00:00:00-04:00,12.382891575193781,12.592770895522353,12.199246961409708,12.409126281738281,7956300,0.0,0.0
2010-06-18 00:00:00-04:00,12.400380787796008,12.417870312544789,11.753251692366977,11.98936653137207,13390000,0.0,0.0
2010-06-21 00:00:00-04:00,12.138033503423223,12.242973173402596,11.65705939052799,11.796978950500488,8075000,0.0,0.0
2010-06-22 00:00:00-04:00,11.796978378225752,11.901918043114472,11.036165182292788,11.079890251159668,11331000,0.0,0.0
2010-06-23 00:00:00-04:00,11.132359653628676,11.263534860076346,10.861265728145536,11.071145057678223,7757100,0.0,0.0
2010-06-24 00:00:00-04:00,10.948718441282166,11.141107454950301,10.747583411009913,10.765073776245117,7594100,0.0,0.0
2010-06-25 00:00:00-04:00,10.756325197124095,10.800050262418608,10.327821392007612,10.493975639343262,11967400,0.0,0.0
2010-06-28 00:00:00-04:00,10.572681482253303,10.773815632000046,10.43276192869273,10.528956413269043,7610400,0.0,0.0
2010-06-29 00:00:00-04:00,10.301585005865808,10.301585005865808,9.829356174262077,9.890571594238281,10400100,0.0,0.0
2010-06-30 00:00:00-04:00,9.943042183487087,10.712600525389327,9.881827590217615,10.275351524353027,16054200,0.0,0.0
2010-07-01 00:00:00-04:00,10.467741399802863,10.738835315523163,9.908062373884968,10.249116897583008,14191300,0.0,0.0
2010-07-02 00:00:00-04:00,10.179159187135488,10.336568293533462,9.365875607131184,9.64571475982666,18289100,0.0,0.0
2010-07-06 00:00:00-04:00,9.969276989216667,10.231626559245798,9.584498231430555,9.706928253173828,9754900,0.0,0.0
2010-07-07 00:00:00-04:00,9.864338212548486,10.2666073669354,9.55826438172376,10.240372657775879,10661800,0.0,0.0
2010-07-08 00:00:00-04:00,10.40652688217892,10.458997134254465,10.056727981629818,10.292842864990234,5722400,0.0,0.0
2010-07-09 00:00:00-04:00,10.301587302737767,10.406526973826676,10.065473251284315,10.187902450561523,6974700,0.0,0.0
2010-07-12 00:00:00-04:00,10.240373684915467,10.563937910291894,9.99551442889831,10.20539379119873,9615500,0.0,0.0
2010-07-13 00:00:00-04:00,10.406523428922542,10.73008834704301,10.406523428922542,10.590167999267578,10829200,0.0,0.0
2010-07-14 00:00:00-04:00,10.63389581983543,10.843775145072268,10.493976269677539,10.677620887756348,8406400,0.0,0.0
2010-07-15 00:00:00-04:00,10.721346299120638,10.773815715117479,10.319077162537416,10.502721786499023,8121800,0.0,0.0
2010-07-16 00:00:00-04:00,10.450251039311855,10.616406128031269,10.214137010587283,10.249116897583008,8205100,0.0,0.0
2010-07-19 00:00:00-04:00,9.995513975943814,10.231628039335481,9.094780294079001,9.951788902282715,29991000,0.0,0.0
2010-07-20 00:00:00-04:00,9.776888226517908,10.161666992143772,9.706928450949569,10.082962036132812,9408900,0.0,0.0
2010-07-21 00:00:00-04:00,10.091709257301058,10.284099096011841,9.48830586250851,9.53203010559082,15492500,0.0,0.0
2010-07-22 00:00:00-04:00,9.750654685041585,10.082964104140748,9.67195054687478,10.021749496459961,9812600,0.0,0.0
2010-07-23 00:00:00-04:00,9.99551477251214,10.117943987736217,9.838104828382349,10.013004302978516,6727200,0.0,0.0
2010-07-26 00:00:00-04:00,9.98676594842188,10.49397465678072,9.960531245296057,10.476484298706055,7334800,0.0,0.0
2010-07-27 00:00:00-04:00,10.625151450065534,10.703856411530465,10.22288229567862,10.240372657775879,6278500,0.0,0.0
2010-07-28 00:00:00-04:00,10.240373896832137,10.380293474594612,9.916809664759796,10.09170913696289,5144900,0.0,0.0
2010-07-29 00:00:00-04:00,10.179158983244289,10.319078556789401,9.899319002167621,10.222883224487305,5777000,0.0,0.0
2010-07-30 00:00:00-04:00,10.091707656153412,10.432762202394564,9.908063028790691,10.389037132263184,7858600,0.0,0.0
2010-08-02 00:00:00-04:00,10.563938140931457,11.193577075565901,10.432763745126412,11.027421951293945,13109600,0.0,0.0
2010-08-03 00:00:00-04:00,10.94871863216519,11.027422775136204,10.301589284951223,10.625153541564941,9692100,0.0,0.0
2010-08-04 00:00:00-04:00,10.721347457349927,10.835032316272923,10.214138599992816,10.37154769897461,8127200,0.0,0.0
2010-08-05 00:00:00-04:00,10.319075584411621,10.607659830219228,10.24911581779076,10.319075584411621,8084800,0.0,0.0
2010-08-06 00:00:00-04:00,10.14417899191456,10.450252847592697,10.117943446638327,10.327823638916016,6764200,0.0,0.0
2010-08-09 00:00:00-04:00,10.432761649338852,10.70385556860691,10.292842099524849,10.660130500793457,6923900,0.0,0.0
2010-08-10 00:00:00-04:00,10.572679946908798,10.572679946908798,10.196645575832012,10.319075584411621,6206500,0.0,0.0
2010-08-11 00:00:00-04:00,10.214136524608778,10.231626050281362,9.80312224647494,9.934296607971191,6684400,0.0,0.0
2010-08-12 00:00:00-04:00,9.750652738117466,10.152921866812122,9.663203435175514,10.039237022399902,5839300,0.0,0.0
2010-08-13 00:00:00-04:00,9.951787691132578,10.179157379309865,9.811868139634653,10.100452423095703,5167200,0.0,0.0
2010-08-16 00:00:00-04:00,10.082962090864035,10.187901754786166,9.908062650993818,10.039237022399902,4548300,0.0,0.0
2010-08-17 00:00:00-04:00,10.12668639428711,10.187900985120526,9.855592491465192,9.934296607971191,9363100,0.0,0.0
2010-08-18 00:00:00-04:00,9.969276493302608,10.030491918122276,9.855592491465192,9.934296607971191,5054400,0.0,0.0
2010-08-19 00:00:00-04:00,9.86433776211692,9.978022608598852,9.042309962768147,9.427088737487793,24099900,0.0,0.0
2010-08-20 00:00:00-04:00,9.339637901419062,9.392107308738161,9.068543183649735,9.208462715148926,7988600,0.0,0.0
2010-08-23 00:00:00-04:00,9.217209009221696,9.514538466613732,9.0860346410717,9.155994415283203,6190600,0.0,0.0
2010-08-24 00:00:00-04:00,8.858666703485921,8.937371673479202,8.543847657499258,8.710001945495605,15559800,0.0,0.0
2010-08-25 00:00:00-04:00,8.51760917882637,8.797449068449758,8.395180008978175,8.77121353149414,11440000,0.0,0.0
2010-08-26 00:00:00-04:00,8.849920411547012,9.024819859603998,8.718746034000862,8.779960632324219,7133800,0.0,0.0
2010-08-27 00:00:00-04:00,8.797450351249342,9.33089383733835,8.61380573571275,9.147249221801758,10308000,0.0,0.0
2010-08-30 00:00:00-04:00,9.07728956819386,9.427088443389916,9.042309680674254,9.068544387817383,6209000,0.0,0.0
2010-08-31 00:00:00-04:00,8.989839313060024,9.190974289117383,8.928624719209925,9.147249221801758,5834800,0.0,0.0
2010-09-01 00:00:00-04:00,9.47081597486842,9.497050688835817,9.208466333234902,9.339641571044922,7972200,0.0,0.0
2010-09-02 00:00:00-04:00,9.38336268196899,9.636967890225035,9.322148091830629,9.479557991027832,7181200,0.0,0.0
2010-09-03 00:00:00-04:00,9.68069276608052,9.83810267576843,9.567007923971063,9.663203239440918,7834700,0.0,0.0
2010-09-07 00:00:00-04:00,9.575753696209338,9.636969128197721,9.278424219079993,9.330894470214844,8304200,0.0,0.0
2010-09-08 00:00:00-04:00,9.322150146192161,9.505794791064028,9.094780427020053,9.348384857177734,6849500,0.0,0.0
2010-09-09 00:00:00-04:00,9.497050755790928,9.497050755790928,9.13850660442484,9.295916557312012,5883400,0.0,0.0
2010-09-10 00:00:00-04:00,9.330895632956711,9.462070026160223,9.14725098207992,9.21721076965332,5673200,0.0,0.0
2010-09-13 00:00:00-04:00,9.304659736408482,9.488304363902936,9.252189485415917,9.313404083251953,5359500,0.0,0.0
2010-09-14 00:00:00-04:00,9.278422562186789,10.013000942979371,9.21720797511614,9.776886940002441,13273000,0.0,0.0
2010-09-15 00:00:00-04:00,9.811870053820751,10.082964029238807,9.811870053820751,10.056729316711426,8238400,0.0,0.0
2010-09-16 00:00:00-04:00,9.995510797235436,10.21413526202896,9.838100915708532,10.12668514251709,8944400,0.0,0.0
2010-09-17 00:00:00-04:00,10.187900358885653,10.205390717469381,9.733161877529321,9.776886940002441,8566400,0.0,0.0
2010-09-20 00:00:00-04:00,9.890573095848815,10.187901725788752,9.803122959169455,10.100452423095703,6180100,0.0,0.0
2010-09-21 00:00:00-04:00,10.170413396995974,10.493977606449807,10.135433505000599,10.450252532958984,9052900,0.0,0.0
2010-09-22 00:00:00-04:00,10.336566654254508,10.406526431333436,9.916807991780935,9.986767768859863,8765000,0.0,0.0
2010-09-23 00:00:00-04:00,9.794378074600287,10.109197908967893,9.759398185669035,9.899317741394043,5163100,0.0,0.0
2010-09-24 00:00:00-04:00,10.0742164975373,10.240370736353555,9.986766371432193,10.2316255569458,7840700,0.0,0.0
2010-09-27 00:00:00-04:00,10.222883848865699,10.345313900188499,9.873084893638406,9.960535049438477,9240500,0.0,0.0
2010-09-28 00:00:00-04:00,9.916804937783958,10.144174560262487,9.855590360188229,10.135429382324219,7828900,0.0,0.0
2010-09-29 00:00:00-04:00,10.030489749023223,10.170409260091217,9.925550115722226,10.135429382324219,6901300,0.0,0.0
2010-09-30 00:00:00-04:00,10.152920764783179,10.22288053313762,9.960531818801579,10.179156303405762,8396100,0.0,0.0
2010-10-01 00:00:00-04:00,10.275352093215826,10.502721786499023,10.240372204555822,10.502721786499023,9094900,0.0,0.0
2010-10-04 00:00:00-04:00,10.231629771118575,10.502724606513166,10.013005199795586,10.065475463867188,7916400,0.0,0.0
2010-10-05 00:00:00-04:00,10.11794428522549,10.380293921826624,10.013004597382338,10.345314025878906,12624100,0.0,0.0
2010-10-06 00:00:00-04:00,10.380293987019288,10.53770393676587,10.109200000218516,10.301589012145996,10124100,0.0,0.0
2010-10-07 00:00:00-04:00,10.319077574034825,10.336567102069099,10.15292247078423,10.292842864990234,7162500,0.0,0.0
2010-10-08 00:00:00-04:00,10.240372142868708,10.310331919767286,9.925553146825106,9.969277381896973,13098100,0.0,0.0
2010-10-11 00:00:00-04:00,10.004258518635087,10.10045384936322,9.741909739523816,9.82935905456543,8441200,0.0,0.0
2010-10-12 00:00:00-04:00,9.768143256991628,10.117942142386273,9.584498633662859,9.986767768859863,12218700,0.0,0.0
2010-10-13 00:00:00-04:00,10.047980201753639,10.257859487798745,9.8206105582117,10.12668514251709,9462200,0.0,0.0
2010-10-14 00:00:00-04:00,10.144179534415501,10.16166906488188,9.951789695366477,10.013004302978516,7282400,0.0,0.0
2010-10-15 00:00:00-04:00,10.056728578677502,10.144178725999698,9.890574299549026,9.951788902282715,6667900,0.0,0.0
2010-10-18 00:00:00-04:00,9.995515667762755,10.065475463867188,9.724420832368164,10.065475463867188,7043400,0.0,0.0
2010-10-19 00:00:00-04:00,9.908061424734836,10.249115915761307,9.881826720497788,10.2316255569458,12510300,0.0,0.0
2010-10-20 00:00:00-04:00,10.904991293463029,11.517139782797496,10.782561262001591,11.342240333557129,30285400,0.0,0.0
2010-10-21 00:00:00-04:00,11.394709731422015,11.840703951695279,11.281024881117869,11.831958770751953,20095600,0.0,0.0
2010-10-22 00:00:00-04:00,11.76199866940172,11.77948903080988,11.42094496180594,11.525884628295898,7956400,0.0,0.0
2010-10-25 00:00:00-04:00,11.674548901210418,11.936897640035218,11.55211887816889,11.779488563537598,8404500,0.0,0.0
2010-10-26 00:00:00-04:00,11.648312582372744,11.928152497213082,11.482158336612189,11.657057762145996,8190200,0.0,0.0
2010-10-27 00:00:00-04:00,11.517141198824474,12.068075157158468,11.50839601679065,12.05058479309082,9277000,0.0,0.0
2010-10-28 00:00:00-04:00,12.068075981156491,12.330425622178996,12.041841267250197,12.138035774230957,11263500,0.0,0.0
2010-10-29 00:00:00-04:00,12.129288697832695,12.181758951439528,11.770744605809556,12.14677906036377,11073200,0.0,0.0
2010-11-01 00:00:00-04:00,12.155522716094605,12.216738147484326,11.761998755383951,11.998113632202148,7474200,0.0,0.0
2010-11-02 00:00:00-04:00,12.120540724354067,12.173010965873313,11.893171901733853,12.111796379089355,6661300,0.0,0.0
2010-11-03 00:00:00-04:00,12.146777548320708,12.662730668965212,11.919407867638277,12.409126281738281,13846300,0.0,0.0
2010-11-04 00:00:00-04:00,12.514068808082595,12.549048700484503,12.13803433927226,12.400383949279785,12042500,0.0,0.0
2010-11-05 00:00:00-04:00,12.426617565959265,12.715201861362662,12.374147314983036,12.470342636108398,6893000,0.0,0.0
2010-11-08 00:00:00-05:00,12.356659008073235,12.479089049788836,12.120544106333096,12.32167911529541,7809500,0.0,0.0
2010-11-09 00:00:00-05:00,12.365404523636295,12.417873947226518,12.076820191930715,12.12054443359375,8341100,0.0,0.0
2010-11-10 00:00:00-05:00,12.120542106612119,12.304186721893497,11.840703010559082,11.840703010559082,8911000,0.0,0.0
2010-11-11 00:00:00-05:00,11.700783462532563,12.07681787334355,11.587098621264444,11.840703010559082,10201800,0.0,0.0
2010-11-12 00:00:00-05:00,11.735764433492982,11.936898593861942,11.718274071381053,11.770744323730469,5516200,0.0,0.0
2010-11-15 00:00:00-05:00,11.665802160906066,11.779486988388523,11.48215756789382,11.54337215423584,10599300,0.0,0.0
2010-11-16 00:00:00-05:00,11.455925762497811,11.761999605626286,11.30726101464046,11.499650001525879,9095100,0.0,0.0
2010-11-17 00:00:00-05:00,11.412201584978138,11.692040739850965,11.25479164336894,11.55212116241455,10050200,0.0,0.0
2010-11-18 00:00:00-05:00,11.657058110598307,12.129286990648554,11.657058110598307,12.041837692260742,10132800,0.0,0.0
2010-11-19 00:00:00-05:00,11.9806251011637,12.16426975541891,11.76200055247828,12.033095359802246,7462700,0.0,0.0
2010-11-22 00:00:00-05:00,11.9806251011637,12.103055148662664,11.78823526480432,12.033095359802246,7653800,0.0,0.0
2010-11-23 00:00:00-05:00,11.87568170155327,12.006856056120851,11.70952746350192,11.98936653137207,12173300,0.0,0.0
2010-11-24 00:00:00-05:00,12.015603096348679,12.540302263851746,11.88442872146608,12.531557083129883,10658700,0.0,0.0
2010-11-26 00:00:00-05:00,12.391637638834247,12.575282265711289,12.347912568818504,12.444107055664062,4033900,0.0,0.0
2010-11-29 00:00:00-05:00,12.356657887351696,12.47034273706527,12.190502786237106,12.374147415161133,9593900,0.0,0.0
2010-11-30 00:00:00-05:00,12.347913578455314,12.365403941486262,11.954389584109526,11.963134765625,27737100,0.0,0.0
2010-12-01 00:00:00-05:00,12.207995567305423,12.330425622178996,12.024350901988322,12.138035774230957,9654800,0.0,0.0
2010-12-02 00:00:00-05:00,12.041839039892478,12.181758600160734,11.70078448624883,11.814469337463379,11955500,0.0,0.0
2010-12-03 00:00:00-05:00,11.718274745958173,12.085564031588442,11.709530398385198,11.91940975189209,9256600,0.0,0.0
2010-12-06 00:00:00-05:00,11.884428118431444,12.024347666936167,11.63956890854818,11.788232803344727,9590000,0.0,0.0
2010-12-07 00:00:00-05:00,11.884427754026904,11.91940764008052,11.377218989256352,11.473413467407227,13197600,0.0,0.0
2010-12-08 00:00:00-05:00,11.394709556117835,11.482159696232971,11.202320582242686,11.455924987792969,9767700,0.0,0.0
2010-12-09 00:00:00-05:00,11.517140200306395,11.805724510511089,11.298515672333968,11.639570236206055,12208400,0.0,0.0
2010-12-10 00:00:00-05:00,11.622080367535327,11.683294971093277,11.385966300964355,11.385966300964355,8749700,0.0,0.0
2010-12-13 00:00:00-05:00,11.438435554504395,11.552120412286055,11.281025623116495,11.438435554504395,10138200,0.0,0.0
2010-12-14 00:00:00-05:00,11.385967071474925,11.604591623532555,11.324751629787981,11.429691314697266,7993000,0.0,0.0
2010-12-15 00:00:00-05:00,11.350985239419014,11.473415276908552,10.983696794923201,11.053656578063965,13393200,0.0,0.0
2010-12-16 00:00:00-05:00,11.079889401043589,11.281023534818162,10.992439270019531,10.992439270019531,12697900,0.0,0.0
2010-12-17 00:00:00-05:00,10.99243851944144,11.07988864449429,10.800049578703092,10.896244049072266,9038700,0.0,0.0
2010-12-20 00:00:00-05:00,10.948717962542283,11.062401995654128,10.782562836019162,10.957462310791016,5587700,0.0,0.0
2010-12-21 00:00:00-05:00,10.966206325484755,11.237301108008282,10.887501361720298,11.062400817871094,7408300,0.0,0.0
2010-12-22 00:00:00-05:00,11.02741944841844,11.071144515091403,10.695110109284707,10.870010375976562,12164600,0.0,0.0
2010-12-23 00:00:00-05:00,10.8874991469939,10.8874991469939,10.625149599141448,10.695109367370605,6568900,0.0,0.0
2010-12-27 00:00:00-05:00,10.74757932287744,11.079888630064817,10.67761955652075,10.88749885559082,7330900,0.0,0.0
2010-12-28 00:00:00-05:00,10.852519844053038,11.079889519967002,10.852519844053038,10.913734436035156,5098800,0.0,0.0
2010-12-29 00:00:00-05:00,10.904990796961426,11.132359653628676,10.8787552552801,11.071145057678223,5223100,0.0,0.0
2010-12-30 00:00:00-05:00,11.071145320299665,11.158595460005872,10.861265985788378,10.922480583190918,6807300,0.0,0.0
2010-12-31 00:00:00-05:00,10.887502480405736,11.04491242410844,10.861267767784112,11.018677711486816,4262400,0.0,0.0
2011-01-03 00:00:00-05:00,11.097380864583704,11.23730126545112,10.904991877115513,11.00118637084961,15060100,0.0,0.0
2011-01-04 00:00:00-05:00,11.001187387980599,11.184832044987665,10.817542730973532,10.957462310791016,19143500,0.0,0.0
2011-01-05 00:00:00-05:00,11.062401205773961,11.552120534154577,11.001186602471291,11.350985527038574,23780500,0.0,0.0
2011-01-06 00:00:00-05:00,11.307260488329009,11.464669576273318,11.132360204412102,11.289770126342773,13100900,0.0,0.0
2011-01-07 00:00:00-05:00,11.27228141804118,11.420946169789344,11.193576451352573,11.368475914001465,12458400,0.0,0.0
2011-01-10 00:00:00-05:00,11.350986295324672,11.350986295324672,10.98369781666249,11.018677711486816,10294200,0.0,0.0
2011-01-11 00:00:00-05:00,11.10612649937208,11.10612649937208,10.773817097471316,10.800052642822266,7395400,0.0,0.0
2011-01-12 00:00:00-05:00,10.948719014252013,10.974953729491219,10.77381868869314,10.939973831176758,6715400,0.0,0.0
2011-01-13 00:00:00-05:00,11.00118723893023,11.088637392124573,10.738837613333672,11.027421951293945,8514800,0.0,0.0
2011-01-14 00:00:00-05:00,10.939968693001205,11.202318224135238,10.931223514033299,11.149847984313965,11113000,0.0,0.0
2011-01-18 00:00:00-05:00,10.922478884420284,10.974949126880592,10.2316255569458,10.2316255569458,24240100,0.0,0.0
2011-01-19 00:00:00-05:00,10.37154843439728,10.450253406462176,9.925554982673672,10.013004302978516,21069900,0.0,0.0
2011-01-20 00:00:00-05:00,9.94304328668291,10.152922630310059,9.71567358076031,10.152922630310059,21903600,0.0,0.0
2011-01-21 00:00:00-05:00,10.240373896832137,10.301588503606604,9.960534741307187,10.09170913696289,15559900,0.0,0.0
2011-01-24 00:00:00-05:00,10.170412439639719,10.555191215369053,10.152922078295221,10.511466979980469,22252200,0.0,0.0
2011-01-25 00:00:00-05:00,10.43276261443638,10.511467576984046,10.047982982866982,10.17041301727295,18292600,0.0,0.0
2011-01-26 00:00:00-05:00,10.319075245964942,10.502719835818054,10.25785982668979,10.476484298706055,24451000,0.0,0.0
2011-01-27 00:00:00-05:00,10.450254789886097,10.791309435987925,10.406529706952028,10.756329536437988,18365800,0.0,0.0
2011-01-28 00:00:00-05:00,10.695112985356083,10.747583246270912,10.1354346501926,10.345314025878906,16905000,0.0,0.0
2011-01-31 00:00:00-05:00,10.57268309221769,10.59891780400863,10.20539379119873,10.20539379119873,13665000,0.0,0.0
2011-02-01 00:00:00-05:00,10.275353358984125,10.389038219629981,10.187903209568411,10.310333251953125,10836000,0.0,0.0
2011-02-02 00:00:00-05:00,10.205393414929006,10.257862836576354,9.899318730702602,9.925554275512695,14214300,0.0,0.0
2011-02-03 00:00:00-05:00,9.978022372780304,10.371546318848788,9.960532845881374,10.082962036132812,15575000,0.0,0.0
2011-02-04 00:00:00-05:00,10.082962227853743,10.109197769680454,9.925553146825106,9.969277381896973,14999500,0.0,0.0
2011-02-07 00:00:00-05:00,10.047982174290825,10.231626794128431,10.013002286416343,10.100452423095703,13949600,0.0,0.0
2011-02-08 00:00:00-05:00,10.152923162734943,10.485232557897605,10.13543363350871,10.37154769897461,15172000,0.0,0.0
2011-02-09 00:00:00-05:00,10.389037316285108,10.415272025234096,10.266607284545898,10.266607284545898,28676400,0.0,0.0
2011-02-10 00:00:00-05:00,10.152923437714747,10.301588193103042,10.082963650942192,10.222883224487305,15732700,0.0,0.0
2011-02-11 00:00:00-05:00,10.18790111722467,10.520210449175234,10.152921231439676,10.406525611877441,16926800,0.0,0.0
2011-02-14 00:00:00-05:00,10.406524783702626,10.502720087445612,10.170410781940975,10.336565017700195,12949100,0.0,0.0
2011-02-15 00:00:00-05:00,10.301585954522462,10.48523056339024,10.196646297167483,10.406525611877441,11202400,0.0,0.0
2011-02-16 00:00:00-05:00,10.450249845950692,10.607659736449257,10.240370547943405,10.336565017700195,12390100,0.0,0.0
2011-02-17 00:00:00-05:00,10.362802736362742,10.380292264551041,10.14417821309759,10.187902450561523,12979000,0.0,0.0
2011-02-18 00:00:00-05:00,10.266608684903431,10.266608684903431,9.96927916297152,10.056729316711426,13203300,0.0,0.0
2011-02-22 00:00:00-05:00,9.610733431142124,9.610733431142124,9.138504514465057,9.392108917236328,34083100,0.0,0.0
2011-02-23 00:00:00-05:00,9.29591500342841,9.689438985879255,9.06854529481721,9.636969566345215,35794200,0.0,0.0
2011-02-24 00:00:00-05:00,9.435834349829623,9.89057375656183,9.330894679195968,9.733163833618164,25498500,0.0,0.0
2011-02-25 00:00:00-05:00,9.838103491674431,9.87308338184093,9.619478969637221,9.724418640136719,16741600,0.0,0.0
2011-02-28 00:00:00-05:00,9.645714408795683,9.899318840193292,9.628224879381932,9.82935905456543,20998700,0.0,0.0
2011-03-01 00:00:00-05:00,9.846846487177068,9.846846487177068,9.269678010540838,9.278422355651855,16176000,0.0,0.0
2011-03-02 00:00:00-05:00,9.295915397259272,9.44458014888136,8.849921142393004,8.876155853271484,23831900,0.0,0.0
2011-03-03 00:00:00-05:00,9.129760171565218,9.252190210822615,8.81494114288587,8.97235107421875,34584500,0.0,0.0
2011-03-04 00:00:00-05:00,8.989838194228073,8.989838194228073,8.631294188037932,8.666274070739746,17888700,0.0,0.0
2011-03-07 00:00:00-05:00,8.753725867284507,8.928625314216063,8.666275726825553,8.823685646057129,23553500,0.0,0.0
2011-03-08 00:00:00-05:00,8.893648304411448,9.768146656200289,8.849923220024682,9.680696487426758,32077000,0.0,0.0
2011-03-09 00:00:00-05:00,9.392107797848652,9.549517695975734,9.30465850310068,9.514537811279297,14066700,0.0,0.0
2011-03-10 00:00:00-05:00,9.49704704056619,10.021746122271235,9.339637983243637,9.776886940002441,28579300,0.0,0.0
2011-03-11 00:00:00-05:00,9.86433893554555,10.179158804479687,9.75065407554005,9.820613861083984,19396900,0.0,0.0
2011-03-14 00:00:00-04:00,9.776891133936024,9.838105747265534,9.462071216272129,9.593246459960938,11344400,0.0,0.0
2011-03-15 00:00:00-04:00,9.190975757277865,9.567009394692509,9.138505501320292,9.348384857177734,14991100,0.0,0.0
2011-03-16 00:00:00-04:00,9.357128936865733,9.400854006016562,8.867410497538144,8.919879913330078,18074700,0.0,0.0
2011-03-17 00:00:00-04:00,9.077291380564159,9.182231064075213,8.596317205648639,8.622551918029785,24147900,0.0,0.0
2011-03-18 00:00:00-04:00,8.902390318189635,9.086034940033954,8.814940180554693,8.954859733581543,23324800,0.0,0.0
2011-03-21 00:00:00-04:00,8.937373231198736,9.051058115004988,8.744983363681495,8.893648147583008,16684200,0.0,0.0
2011-03-22 00:00:00-04:00,8.989842982426126,9.024822883759043,8.675023870429868,8.744983673095703,19680100,0.0,0.0
2011-03-23 00:00:00-04:00,8.683764429083748,8.832429139063004,8.50886418158849,8.666274070739746,18303400,0.0,0.0
2011-03-24 00:00:00-04:00,8.675020099595418,8.814939644107236,8.622549853410352,8.753725051879883,20215600,0.0,0.0
2011-03-25 00:00:00-04:00,8.814942911829727,8.867413177465659,8.570083618164062,8.570083618164062,19484500,0.0,0.0
2011-03-28 00:00:00-04:00,8.70999913261356,8.762469373659377,8.596314305336119,8.666274070739746,14556400,0.0,0.0
2011-03-29 00:00:00-04:00,8.709999323217897,8.744979206685189,8.52635472651806,8.561334609985352,13127900,0.0,0.0
2011-03-30 00:00:00-04:00,8.62255177072055,8.797452074237416,8.578827528827789,8.692511558532715,16671800,0.0,0.0
2011-03-31 00:00:00-04:00,8.605063517259158,8.727492747098701,8.491378636703454,8.570083618164062,11487500,0.0,0.0
2011-04-01 00:00:00-04:00,8.648786578706455,8.692510816868566,8.543846905941892,8.587571144104004,9176700,0.0,0.0
2011-04-04 00:00:00-04:00,8.561338346201365,8.64004332684662,8.482633365556111,8.596318244934082,8698400,0.0,0.0
2011-04-05 00:00:00-04:00,8.561334723341023,8.5875694277923,8.473884596521811,8.482629776000977,13820500,0.0,0.0
2011-04-06 00:00:00-04:00,8.561335906219561,8.561335906219561,8.141577241058238,8.386436462402344,20997600,0.0,0.0
2011-04-07 00:00:00-04:00,8.38643768753174,8.403927217475248,8.159067960360975,8.22902774810791,13453400,0.0,0.0
2011-04-08 00:00:00-04:00,8.194046552108071,8.202791732683345,7.809267780645614,7.905462265014648,23145000,0.0,0.0
2011-04-11 00:00:00-04:00,7.870482739203355,8.325222142226336,7.8617375582252915,8.246517181396484,24897700,0.0,0.0
2011-04-12 00:00:00-04:00,8.202792210051083,8.858665779611801,8.202792210051083,8.657530784606934,41929600,0.0,0.0
2011-04-13 00:00:00-04:00,8.666277532325786,8.736237325673574,8.316478565586849,8.377693176269531,16160700,0.0,0.0
2011-04-14 00:00:00-04:00,8.360202174630848,8.403926412293615,8.062872688200338,8.176557540893555,10837100,0.0,0.0
2011-04-15 00:00:00-04:00,8.167814402632585,8.264008917130973,7.984169722963604,8.089109420776367,15754300,0.0,0.0
2011-04-18 00:00:00-04:00,8.106599554527584,8.237773964528657,7.8792297988049365,7.99291467666626,23191400,0.0,0.0
2011-04-19 00:00:00-04:00,8.03663651366825,8.080361581883478,7.896716962568568,7.984167098999023,10729500,0.0,0.0
2011-04-20 00:00:00-04:00,7.975421960228348,8.036636555657713,7.791777339953939,7.931696891784668,21788700,0.0,0.0
2011-04-21 00:00:00-04:00,7.8879718002008214,8.027891336827548,7.870481441129369,7.914206504821777,9601900,0.0,0.0
2011-04-25 00:00:00-04:00,7.896717152729555,8.080361776466816,7.870482444763184,7.870482444763184,12798000,0.0,0.0
2011-04-26 00:00:00-04:00,8.106599371376253,8.797452972012428,8.054129108169342,8.736237525939941,42708800,0.0,0.0
2011-04-27 00:00:00-04:00,8.578825556936788,8.911134055668375,8.570080376973783,8.788704872131348,20141900,0.0,0.0
2011-04-28 00:00:00-04:00,8.779964353959219,8.858669347442778,8.578830111933865,8.806199073791504,12692700,0.0,0.0
2011-04-29 00:00:00-04:00,8.67502136866074,9.357129664934332,8.631296296107708,9.077290534973145,22643800,0.0,0.0
2011-05-02 00:00:00-04:00,9.322148657077966,9.444578678764458,9.007329673580792,9.147249221801758,13659400,0.0,0.0
2011-05-03 00:00:00-04:00,9.007328700332671,9.287167766537799,9.007328700332671,9.199718475341797,12300200,0.0,0.0
2011-05-04 00:00:00-04:00,9.208463828948684,9.365873737917715,8.919879551829657,9.155994415283203,14880200,0.0,0.0
2011-05-05 00:00:00-04:00,9.234699172047671,10.01300185198333,9.225953991961898,9.811867713928223,27716600,0.0,0.0
2011-05-06 00:00:00-04:00,9.890570728849045,9.925550608352184,9.488301697569904,9.803120613098145,17845700,0.0,0.0
2011-05-09 00:00:00-04:00,9.479559026000539,9.733163427958722,9.427088775877385,9.453324317932129,9825400,0.0,0.0
2011-05-10 00:00:00-04:00,9.558264936395279,9.689439323791374,9.409600185886948,9.444580078125,11151800,0.0,0.0
2011-05-11 00:00:00-04:00,9.453323928718739,9.706928320235491,9.295914018816513,9.671948432922363,14412000,0.0,0.0
2011-05-12 00:00:00-04:00,9.7244190565454,9.768144129622463,9.39210966874068,9.505794525146484,9424800,0.0,0.0
2011-05-13 00:00:00-04:00,9.427088932080553,9.4708140022433,9.21720959608299,9.313404083251953,8481400,0.0,0.0
2011-05-16 00:00:00-04:00,9.409598900940182,9.72441788809192,9.383363359854478,9.619478225708008,12249700,0.0,0.0
2011-05-17 00:00:00-04:00,9.532029991342428,9.794379616624227,9.532029991342428,9.628225326538086,12000700,0.0,0.0
2011-05-18 00:00:00-04:00,9.593245581016628,9.610735111514122,9.348385482159841,9.558265686035156,14215100,0.0,0.0
2011-05-19 00:00:00-04:00,9.610734328509848,10.056728578677502,9.479559941512967,9.951788902282715,19203000,0.0,0.0
2011-05-20 00:00:00-04:00,9.85559607555389,10.144180442981312,9.750655547410688,10.065475463867188,16707900,0.0,0.0
2011-05-23 00:00:00-04:00,9.916809191696716,10.082963473866954,9.811869513380813,9.820613861083984,11458700,0.0,0.0
2011-05-24 00:00:00-04:00,9.794380429912147,9.846850692920023,9.54952114851064,9.698185920715332,11729700,0.0,0.0
2011-05-25 00:00:00-04:00,9.654459924227943,9.85559494035064,9.155996225902086,9.17348575592041,21536800,0.0,0.0
2011-05-26 00:00:00-04:00,9.173483427747698,9.199718967096455,8.849919281655922,8.902389526367188,32679600,0.0,0.0
2011-05-27 00:00:00-04:00,8.902393646087148,8.98109863258287,8.710003771762786,8.744983673095703,25949600,0.0,0.0
2011-05-31 00:00:00-04:00,8.779961513129422,8.867411662924084,8.666276651990934,8.81494140625,13701400,0.0,0.0
2011-06-01 00:00:00-04:00,8.81494017888769,8.902390316506093,8.377691158768314,8.465141296386719,19373900,0.0,0.0
2011-06-02 00:00:00-04:00,8.508864609266476,8.675019685941127,8.377690251038052,8.412670135498047,18965700,0.0,0.0
2011-06-03 00:00:00-04:00,8.3339651869665,8.552589673338028,8.316475661729617,8.412670135498047,13708100,0.0,0.0
2011-06-06 00:00:00-04:00,8.342710811972156,8.412670584627103,8.089106427601399,8.159066200256348,14622000,0.0,0.0
2011-06-07 00:00:00-04:00,8.272751188015967,8.33396578169278,8.03663632557176,8.097851753234863,12390100,0.0,0.0
2011-06-08 00:00:00-04:00,8.09785437146443,8.395183923719191,7.975424310539952,7.99291467666626,11940400,0.0,0.0
2011-06-09 00:00:00-04:00,8.036641232692098,8.220285959841092,7.966681416062651,8.027896881103516,10648400,0.0,0.0
2011-06-10 00:00:00-04:00,8.089108553475734,8.211538604790505,8.036638293201834,8.062873840332031,9087500,0.0,0.0
2011-06-13 00:00:00-04:00,8.18530105363227,8.342710961928407,8.080361392763608,8.097851753234863,7324900,0.0,0.0
2011-06-14 00:00:00-04:00,8.220282431844105,8.377692368696252,8.202792902186333,8.307732582092285,13880900,0.0,0.0
2011-06-15 00:00:00-04:00,8.229025972911296,8.272751039317207,7.957932062369941,8.159066200256348,15364400,0.0,0.0
2011-06-16 00:00:00-04:00,8.159064162640203,8.37768860608498,8.097849585351206,8.2202787399292,9785400,0.0,0.0
2011-06-17 00:00:00-04:00,8.360203644925846,8.517612762965108,8.290243017591536,8.377693176269531,9424600,0.0,0.0
2011-06-20 00:00:00-04:00,8.412669994238964,8.526354825321599,8.33396504702897,8.473884582519531,8154900,0.0,0.0
2011-06-21 00:00:00-04:00,8.465142989918071,8.657531996789672,8.36020330417361,8.578827857971191,10605900,0.0,0.0
2011-06-22 00:00:00-04:00,8.552590725532117,8.68376593388478,8.386436462402344,8.386436462402344,9758800,0.0,0.0
2011-06-23 00:00:00-04:00,8.631296952693685,8.858666680076446,8.491377377069357,8.692511558532715,20251200,0.0,0.0
2011-06-24 00:00:00-04:00,8.430161812004018,8.43890615899572,8.089107259736782,8.246517181396484,21424600,0.0,0.0
2011-06-27 00:00:00-04:00,8.316476537383858,8.482630797566909,8.159066623746838,8.447650909423828,10334000,0.0,0.0
2011-06-28 00:00:00-04:00,8.45639462848017,8.526354392675538,8.159065213656774,8.211535453796387,12640400,0.0,0.0
2011-06-29 00:00:00-04:00,8.167812536159152,8.255261847359623,8.001657427101392,8.045382499694824,14839200,0.0,0.0
2011-06-30 00:00:00-04:00,8.106596090870296,8.185300202851565,8.010400786249518,8.019145965576172,20603300,0.0,0.0
2011-07-01 00:00:00-04:00,8.08036131324334,8.202791333378402,8.01914672016895,8.124086380004883,14412300,0.0,0.0
2011-07-05 00:00:00-04:00,8.194047392066627,8.22902728396713,7.966677677720168,7.9754228591918945,10995200,0.0,0.0
2011-07-06 00:00:00-04:00,7.975421918558716,8.045381694108558,7.879227435674261,7.984167098999023,14801100,0.0,0.0
2011-07-07 00:00:00-04:00,8.036637914810612,8.22902774810791,7.914208703246704,8.22902774810791,12604500,0.0,0.0
2011-07-08 00:00:00-04:00,8.036637144819027,8.211537431415593,8.019147616551196,8.176557540893555,9610200,0.0,0.0
2011-07-11 00:00:00-04:00,8.054127068500444,8.097852137768616,7.852992083461382,7.870482444763184,10281000,0.0,0.0
2011-07-12 00:00:00-04:00,7.844249331263853,7.887974409419836,7.485705191560497,7.5294294357299805,30189600,0.0,0.0
2011-07-13 00:00:00-04:00,7.686837796840695,7.713072504724524,7.538173062188453,7.608132839202881,15208200,0.0,0.0
2011-07-14 00:00:00-04:00,7.643112601693525,7.643112601693525,7.433233274110646,7.441978454589844,10182100,0.0,0.0
2011-07-15 00:00:00-04:00,7.573153920460532,7.5818991022037645,7.267080065325323,7.35452938079834,12181300,0.0,0.0
2011-07-18 00:00:00-04:00,7.240844714784826,7.337040048573974,6.908535722478135,7.048455715179443,24686900,0.0,0.0
2011-07-19 00:00:00-04:00,7.118415609917185,7.2495900056164935,6.926025773436594,7.223355293273926,17366300,0.0,0.0
2011-07-20 00:00:00-04:00,7.302058536077834,7.328293242211319,7.065943678917658,7.118413925170898,6007800,0.0,0.0
2011-07-21 00:00:00-04:00,7.23210061409064,7.258335326936372,7.013476061074402,7.144650459289551,10000300,0.0,0.0
2011-07-22 00:00:00-04:00,7.188374248317669,7.214608956461355,7.022219150772878,7.083434581756592,8025800,0.0,0.0
2011-07-25 00:00:00-04:00,7.039709384101842,7.074689272319058,6.803594930139055,6.873554706573486,17931700,0.0,0.0
2011-07-26 00:00:00-04:00,6.8997892056575445,7.127158472196021,6.8648093184977785,7.013474464416504,22110100,0.0,0.0
2011-07-27 00:00:00-04:00,6.829828574939814,6.899788340487029,6.366344919692969,6.654929161071777,41433000,0.0,0.0
2011-07-28 00:00:00-04:00,6.759869260808473,6.8385742108014576,6.611204540596444,6.672419548034668,16710100,0.0,0.0
2011-07-29 00:00:00-04:00,6.5849698879992955,6.943513921740001,6.488774994681133,6.899788856506348,13439200,0.0,0.0
2011-08-01 00:00:00-04:00,7.170883362306256,7.205863248600968,6.7073996604047466,6.821084499359131,14368800,0.0,0.0
2011-08-02 00:00:00-04:00,6.864808691740179,6.864808691740179,6.471284788625007,6.497519493103027,17884500,0.0,0.0
2011-08-03 00:00:00-04:00,6.593715679997126,6.6374407520553875,6.200191699445535,6.602460861206055,32955700,0.0,0.0
2011-08-04 00:00:00-04:00,6.58497131139456,6.698655754988253,6.103997157830388,6.13897705078125,22335000,0.0,0.0
2011-08-05 00:00:00-04:00,6.366346337573127,6.366346337573127,5.754197418714125,6.095251560211182,29538700,0.0,0.0
2011-08-08 00:00:00-04:00,5.631766979523314,6.034036079274488,5.605531856933834,5.7891764640808105,26006400,0.0,0.0
2011-08-09 00:00:00-04:00,6.042782495626762,6.217682387763794,5.771688100657264,6.1914472579956055,18504700,0.0,0.0
2011-08-10 00:00:00-04:00,5.981566639195726,6.025291290357712,5.771686895841464,5.841646671295166,14141100,0.0,0.0
2011-08-11 00:00:00-04:00,5.929097288528063,6.16521175833267,5.815412435697982,6.095251560211182,12644800,0.0,0.0
2011-08-12 00:00:00-04:00,6.252661484743045,6.34011121115342,6.007801833800807,6.095251560211182,11327000,0.0,0.0
2011-08-15 00:00:00-04:00,6.165210792995816,6.480029758779417,6.130230907908748,6.401325225830078,13434500,0.0,0.0
2011-08-16 00:00:00-04:00,6.3576014481690315,6.917280139870797,6.313876374460822,6.698655605316162,23754400,0.0,0.0
2011-08-17 00:00:00-04:00,6.6811645371871435,6.856064385653843,6.593714821450362,6.821084499359131,14279600,0.0,0.0
2011-08-18 00:00:00-04:00,6.532498959474374,6.5499889003393665,6.305129728229472,6.462539196014404,16193100,0.0,0.0
2011-08-19 00:00:00-04:00,6.33136518765608,6.7686141785271285,6.27889535879073,6.305130481719971,13253800,0.0,0.0
2011-08-22 00:00:00-04:00,6.57622575105949,6.689910605101433,6.270151496863884,6.313876152038574,21189100,0.0,0.0
2011-08-23 00:00:00-04:00,6.3838368194688515,6.410071531100612,6.16521227656914,6.3488569259643555,13576700,0.0,0.0
2011-08-24 00:00:00-04:00,6.296387130734353,6.410072001462611,6.173957494484904,6.340112209320068,10507700,0.0,0.0
2011-08-25 00:00:00-04:00,6.208937164551371,6.375091873338518,5.867882981774195,5.972822666168213,24540600,0.0,0.0
2011-08-26 00:00:00-04:00,5.876627715167218,6.252662207700184,5.8591377678628875,6.22642707824707,13300600,0.0,0.0
2011-08-29 00:00:00-04:00,6.287641482483438,6.5674810287598415,6.287641482483438,6.5587358474731445,9652300,0.0,0.0
2011-08-30 00:00:00-04:00,6.5150092129842525,6.777358750779403,6.453794626626987,6.654929161071777,9547600,0.0,0.0
2011-08-31 00:00:00-04:00,6.751124736139854,6.82982969377009,6.532500224494231,6.584970474243164,14169800,0.0,0.0
2011-09-01 00:00:00-04:00,6.602461064222798,6.698655558519718,6.488776206970215,6.488776206970215,13388100,0.0,0.0
2011-09-02 00:00:00-04:00,6.348855925432922,6.541245309388545,6.296385676451868,6.357600688934326,7748700,0.0,0.0
2011-09-06 00:00:00-04:00,6.191446247905065,6.331365805193216,6.173956303244047,6.235171318054199,8010600,0.0,0.0
2011-09-07 00:00:00-04:00,6.305130990273353,6.5412454477082935,6.261405920862259,6.532500267028809,6746500,0.0,0.0
2011-09-08 00:00:00-04:00,6.445049859866677,6.549989514902765,6.340110204830588,6.392580032348633,5642300,0.0,0.0
2011-09-09 00:00:00-04:00,6.348855567141681,6.567480063249979,6.2264255490859775,6.278895378112793,6394500,0.0,0.0
2011-09-12 00:00:00-04:00,6.261405174134441,6.47128489848725,6.200190584651089,6.453794956207275,9878900,0.0,0.0
2011-09-13 00:00:00-04:00,6.453795839744124,7.083434682008181,6.340110990864063,6.987239360809326,22862900,0.0,0.0
2011-09-14 00:00:00-04:00,7.144649187900672,7.476958549429347,7.030964340484046,7.337038993835449,21972200,0.0,0.0
2011-09-15 00:00:00-04:00,7.406997666599147,7.4682122545424265,7.275822477309846,7.398252487182617,14276900,0.0,0.0
2011-09-16 00:00:00-04:00,7.354529846450987,7.49444942725598,7.328295133546672,7.345784664154053,8792200,0.0,0.0
2011-09-19 00:00:00-04:00,7.118414147126392,7.345782997349847,7.065943899237105,7.267078876495361,7291100,0.0,0.0
2011-09-20 00:00:00-04:00,7.345782357865886,7.424487305855043,7.240842705209085,7.319547653198242,7574800,0.0,0.0
2011-09-21 00:00:00-04:00,7.3108045555883905,7.433234602212906,6.978495560874904,6.995985507965088,9239100,0.0,0.0
2011-09-22 00:00:00-04:00,6.759870771791008,6.969750129360875,6.5762261254207655,6.628695964813232,18378800,0.0,0.0
2011-09-23 00:00:00-04:00,6.576226538048686,7.205865067258422,6.567481772764522,7.144650459289551,19052200,0.0,0.0
2011-09-26 00:00:00-04:00,7.205864855390181,7.354529613789071,7.039710566937195,7.258335113525391,12215400,0.0,0.0
2011-09-27 00:00:00-04:00,7.406998194598045,7.4244877206916104,7.0834340389974955,7.118413925170898,9701400,0.0,0.0
2011-09-28 00:00:00-04:00,7.039710352686176,7.197119454328195,6.969750149632853,7.092179775238037,9365400,0.0,0.0
2011-09-29 00:00:00-04:00,7.2058649378159325,7.249590014431022,6.864810757995234,6.952260494232178,9619500,0.0,0.0
2011-09-30 00:00:00-04:00,6.8735552849099495,6.882300049203453,6.5325007206062455,6.5587358474731445,14810400,0.0,0.0
2011-10-03 00:00:00-04:00,6.462540923324837,6.515010759943972,5.806667340095852,5.815412521362305,34613200,0.0,0.0
2011-10-04 00:00:00-04:00,5.972821472296905,6.375090599060059,5.841646684527503,6.375090599060059,22000000,0.0,0.0
2011-10-05 00:00:00-04:00,6.392579841204729,6.5849696200113845,6.278895009818352,6.497519493103027,12280400,0.0,0.0
2011-10-06 00:00:00-04:00,6.5674787662350465,6.8473177991125,6.453793950632055,6.803593158721924,11214600,0.0,0.0
2011-10-07 00:00:00-04:00,6.908534215095912,7.057198523351872,6.724889603552103,6.821084499359131,13825500,0.0,0.0
2011-10-10 00:00:00-04:00,6.926023781577629,7.092178023944794,6.8997886597868,7.039708614349365,12199000,0.0,0.0
2011-10-11 00:00:00-04:00,6.969749568201774,7.310803705289946,6.969749568201774,7.179629325866699,12251700,0.0,0.0
2011-10-12 00:00:00-04:00,7.1796299273113275,7.476959435163729,7.1708847455541544,7.363274574279785,11724900,0.0,0.0
2011-10-13 00:00:00-04:00,7.275823571465594,7.643112822331534,7.188374266108102,7.590643405914307,14798700,0.0,0.0
2011-10-14 00:00:00-04:00,7.651858591125865,7.695583664158151,7.389508986918556,7.494448661804199,9250200,0.0,0.0
2011-10-17 00:00:00-04:00,7.5644092176584765,7.643114190357907,7.249590160847242,7.345784664154053,9431700,0.0,0.0
2011-10-18 00:00:00-04:00,7.337038924154215,7.6955829904550015,7.293313854949803,7.616878032684326,11463300,0.0,0.0
2011-10-19 00:00:00-04:00,7.564407146869759,7.616877392300921,7.310802767589367,7.43323278427124,8098000,0.0,0.0
2011-10-20 00:00:00-04:00,7.398253508159596,7.608132839202881,7.310803369898396,7.608132839202881,8126900,0.0,0.0
2011-10-21 00:00:00-04:00,7.660605569717701,7.695585469552579,7.363276004127938,7.573155403137207,9328800,0.0,0.0
2011-10-24 00:00:00-04:00,7.608131107228134,7.85299027103697,7.520681822860904,7.7830305099487305,9921000,0.0,0.0
2011-10-25 00:00:00-04:00,7.5644076747390505,7.590643216278563,7.267079043168086,7.380763053894043,19332600,0.0,0.0
2011-10-26 00:00:00-04:00,7.538173363021517,7.56440807195232,7.319548842629989,7.485703945159912,11869200,0.0,0.0
2011-10-27 00:00:00-04:00,7.695583142695911,7.739308212765332,7.424488375454581,7.555663585662842,11819700,0.0,0.0
2011-10-28 00:00:00-04:00,7.476958342520324,7.546918118381283,7.389508205700968,7.441978454589844,7706900,0.0,0.0
2011-10-31 00:00:00-04:00,7.3545283306048645,7.459467994579434,7.310803262118881,7.450723648071289,7863300,0.0,0.0
2011-11-01 00:00:00-04:00,7.170884877322455,7.372019891501206,7.092179908034527,7.28456974029541,20844200,0.0,0.0
2011-11-02 00:00:00-04:00,7.345783524271225,7.433233665697503,7.170884075405025,7.214609146118164,11882800,0.0,0.0
2011-11-03 00:00:00-04:00,7.354529613789071,7.354529613789071,7.004730672842542,7.258335113525391,13038200,0.0,0.0
2011-11-04 00:00:00-04:00,7.240844687625781,7.319549657162983,7.127159824292763,7.302060127258301,9418500,0.0,0.0
2011-11-07 00:00:00-05:00,7.319548290398352,7.372018538287639,7.162138380716786,7.267078876495361,7735900,0.0,0.0
2011-11-08 00:00:00-05:00,7.249588129355535,7.310802720307444,7.013474111407995,7.1708831787109375,14866000,0.0,0.0
2011-11-09 00:00:00-05:00,7.030965402145455,7.127159902644848,6.952260431743014,6.995985507965088,9113300,0.0,0.0
2011-11-10 00:00:00-05:00,7.013475042651163,7.0746896417310925,6.558735638096361,6.663675308227539,15540200,0.0,0.0
2011-11-11 00:00:00-05:00,6.77736102175829,7.004730752967579,6.6899112855213465,6.952260494232178,9485300,0.0,0.0
2011-11-14 00:00:00-05:00,7.013475821252423,7.310804502638867,6.978495510332175,7.048455715179443,15831500,0.0,0.0
2011-11-15 00:00:00-05:00,7.048455766228869,7.074690478367529,6.88230064338228,6.995985507965088,12773800,0.0,0.0
2011-11-16 00:00:00-05:00,6.9347702364325645,6.95226018289672,6.619951200077763,6.628695964813232,9692800,0.0,0.0
2011-11-17 00:00:00-05:00,6.637441217686898,6.698655822470977,6.25266197435791,6.366346836090088,14791000,0.0,0.0
2011-11-18 00:00:00-05:00,6.410069449140444,6.4450493312836405,6.348854863886395,6.436304569244385,11443400,0.0,0.0
2011-11-21 00:00:00-05:00,6.296385301745846,6.366345490559445,6.191445644015147,6.305130481719971,7395800,0.0,0.0
2011-11-22 00:00:00-05:00,6.348856889438462,6.471286515999842,6.278896685838738,6.366346836090088,10112500,0.0,0.0
2011-11-23 00:00:00-05:00,6.296386867464394,6.4275616807434925,6.22642707824707,6.22642707824707,12493000,0.0,0.0
2011-11-25 00:00:00-05:00,6.191447183638409,6.383837020979284,6.191447183638409,6.22642707824707,2949900,0.0,0.0
2011-11-28 00:00:00-05:00,6.471284788625007,6.567479678028335,6.383835078709759,6.497519493103027,8346300,0.0,0.0
2011-11-29 00:00:00-05:00,6.55873493515565,6.908534215095912,6.541244992008294,6.821084499359131,17632000,0.0,0.0
2011-11-30 00:00:00-05:00,6.628696440166973,7.179630418786,6.567481831649245,7.100925445556641,28064300,0.0,0.0
2011-12-01 00:00:00-05:00,7.030964158186695,7.53817295105694,7.022218977692236,7.450723648071289,15642600,0.0,0.0
2011-12-02 00:00:00-05:00,7.494448952744314,7.564408738717301,7.302059958311816,7.35452938079834,12820600,0.0,0.0
2011-12-05 00:00:00-05:00,7.485705191560497,7.625624774470441,7.441980113404514,7.5294294357299805,13640600,0.0,0.0
2011-12-06 00:00:00-05:00,7.476958410838573,7.581898075588864,7.345783204410968,7.406998634338379,11847700,0.0,0.0
2011-12-07 00:00:00-05:00,7.337039204574764,7.56440807195232,7.3108036616576015,7.485703945159912,10077200,0.0,0.0
2011-12-08 00:00:00-05:00,7.363273060528646,7.520682963851489,7.0746887937609415,7.153393745422363,10778900,0.0,0.0
2011-12-09 00:00:00-05:00,7.214608290616203,7.564407146869759,7.197117930810397,7.43323278427124,9216400,0.0,0.0
2011-12-12 00:00:00-05:00,7.302058421672721,7.564407146869759,7.258333356144463,7.43323278427124,8173700,0.0,0.0
2011-12-13 00:00:00-05:00,7.459468284010782,7.494448173359544,6.934769526786184,6.987239360809326,11750000,0.0,0.0
2011-12-14 00:00:00-05:00,7.17088466982718,7.302059892840215,7.004730388127714,7.127159595489502,15140400,0.0,0.0
2011-12-15 00:00:00-05:00,7.302059698320914,7.730563580645124,7.249589443716167,7.51193904876709,22844700,0.0,0.0
2011-12-16 00:00:00-05:00,7.608134267652717,7.9841687651966105,7.608134267652717,7.887974262237549,22224500,0.0,0.0
2011-12-19 00:00:00-05:00,7.91420735864448,7.957932427054158,7.398253386180166,7.441978454589844,13485600,0.0,0.0
2011-12-20 00:00:00-05:00,7.546918392181397,7.634367698187077,7.476958613782315,7.5469183921813965,7492300,0.0,0.0
2011-12-21 00:00:00-05:00,7.468213230279468,7.704328101457365,7.372018746088282,7.406998634338379,9603300,0.0,0.0
2011-12-22 00:00:00-05:00,7.529428417455048,7.529428417455048,7.275823999231443,7.3108038902282715,8449600,0.0,0.0
2011-12-23 00:00:00-05:00,7.240844664692512,7.28456974029541,7.0484556664180795,7.28456974029541,10046700,0.0,0.0
2011-12-27 00:00:00-05:00,7.223353517124457,7.34578270060999,7.065943613801614,7.153393745422363,5595900,0.0,0.0
2011-12-28 00:00:00-05:00,7.135905340993412,7.170885236430184,7.013476123957957,7.100925445556641,5651700,0.0,0.0
2011-12-29 00:00:00-05:00,7.057199502545007,7.179629538556921,7.039709973964099,7.074689865112305,4602800,0.0,0.0
2011-12-30 00:00:00-05:00,7.074689865112305,7.135904466125067,7.004730082815893,7.074689865112305,3678600,0.0,0.0
2012-01-03 00:00:00-05:00,7.197116686695569,7.258332101447758,7.013472944397345,7.0309624671936035,7093200,0.0,0.0
2012-01-04 00:00:00-05:00,7.022220709599782,7.1184160507911,6.847321226506277,7.004731178283691,7412900,0.0,0.0
2012-01-05 00:00:00-05:00,7.02222012066447,7.302060104131149,6.882300545924356,7.28456974029541,10509800,0.0,0.0
2012-01-06 00:00:00-05:00,7.223354649964579,7.372019396643216,7.205864287302906,7.275824069976807,6683300,0.0,0.0
2012-01-09 00:00:00-05:00,7.293314984531604,7.433234560467273,7.22335519656377,7.2408447265625,9015700,0.0,0.0
2012-01-10 00:00:00-05:00,7.30205883142033,7.337038719008546,7.109669032691987,7.2320990562438965,6933800,0.0,0.0
2012-01-11 00:00:00-05:00,7.293315348066074,7.538174618158476,7.188375660883616,7.5294294357299805,6801100,0.0,0.0
2012-01-12 00:00:00-05:00,7.520682820359983,7.85299131261149,7.406997985016574,7.756796836853027,12891800,0.0,0.0
2012-01-13 00:00:00-05:00,7.608132207071513,7.8792269459679165,7.5381724358697815,7.739307403564453,10127900,0.0,0.0
2012-01-17 00:00:00-05:00,7.756798944892667,7.791778839582683,7.573154289273465,7.634368896484375,6881500,0.0,0.0
2012-01-18 00:00:00-05:00,7.686838425652542,7.975422737940907,7.546918860177747,7.800523281097412,14086800,0.0,0.0
2012-01-19 00:00:00-05:00,7.81801168307377,8.281496219395644,7.80052215690317,8.159066200256348,14325100,0.0,0.0
2012-01-20 00:00:00-05:00,8.132833248452489,8.307732717819826,8.089108172614042,8.22902774810791,7844600,0.0,0.0
2012-01-23 00:00:00-05:00,8.23777121999038,8.360201240125441,8.124086380004883,8.124086380004883,15346500,0.0,0.0
2012-01-24 00:00:00-05:00,8.12408437271345,8.298983762559354,8.03663426079746,8.202789306640625,12709100,0.0,0.0
2012-01-25 00:00:00-05:00,8.675022051497088,9.00733146147624,8.675022051497088,8.710001945495605,41332200,0.0,0.0
2012-01-26 00:00:00-05:00,8.989842664348327,9.225957615481297,8.841177880446814,8.893648147583008,31724900,0.0,0.0
2012-01-27 00:00:00-05:00,8.81494002023159,9.25218903248112,8.753725425392275,9.086034774780273,12840700,0.0,0.0
2012-01-30 00:00:00-05:00,9.112269843373173,9.514538983955369,8.981095468090729,9.418344497680664,15348800,0.0,0.0
2012-01-31 00:00:00-05:00,9.418343849072675,9.444578555525206,9.007329556047061,9.225954055786133,14524000,0.0,0.0
2012-02-01 00:00:00-05:00,9.339641100866515,9.628225441939449,9.278425659375621,9.53203010559082,11502100,0.0,0.0
2012-02-02 00:00:00-05:00,9.532027983830211,9.768142847052317,9.462068209687283,9.706928253173828,10674900,0.0,0.0
2012-02-03 00:00:00-05:00,9.838103238028076,10.126687532957991,9.838103238028076,9.881828308105469,15182000,0.0,0.0
2012-02-06 00:00:00-05:00,9.846849851965827,9.864339382150428,9.549520332949387,9.610734939575195,9530600,0.0,0.0
2012-02-07 00:00:00-05:00,9.645715890247216,9.8293605642223,9.558266561774568,9.593246459960938,8105500,0.0,0.0
2012-02-08 00:00:00-05:00,9.540775150863853,9.654460016016401,9.357130496999963,9.610734939575195,7824800,0.0,0.0
2012-02-09 00:00:00-05:00,9.619478969637221,9.750653349265,9.427089156728295,9.724418640136719,8789600,0.0,0.0
2012-02-10 00:00:00-05:00,9.558263846685156,9.750652815067529,9.453324181934864,9.523283958435059,8179100,0.0,0.0
2012-02-13 00:00:00-05:00,9.567010508012636,9.829360150357475,9.54077579397411,9.750655174255371,7591600,0.0,0.0
2012-02-14 00:00:00-05:00,9.706929370546472,9.750653608929218,9.462069298873882,9.567008972167969,9437400,0.0,0.0
2012-02-15 00:00:00-05:00,9.567009199200774,9.689439237942432,9.392109739560127,9.47081470489502,8594100,0.0,0.0
2012-02-16 00:00:00-05:00,9.44458081884875,9.610735111514122,9.330895951662347,9.558265686035156,10332600,0.0,0.0
2012-02-17 00:00:00-05:00,9.619479454086173,9.663204527492937,9.339640318661136,9.47081470489502,7612000,0.0,0.0
2012-02-21 00:00:00-05:00,9.470813063506794,9.470813063506794,8.368945407755966,8.788704872131348,26706000,0.0,0.0
2012-02-22 00:00:00-05:00,8.74498096493014,8.928625598553127,8.68376636505127,8.68376636505127,9361000,0.0,0.0
2012-02-23 00:00:00-05:00,8.762469666951581,8.779959191894793,8.36894493090161,8.473884582519531,10959500,0.0,0.0
2012-02-24 00:00:00-05:00,8.517611855327688,8.62255153416699,8.298987315915872,8.333967208862305,9416100,0.0,0.0
2012-02-27 00:00:00-05:00,8.36894595260532,8.517610685709988,8.220281219500649,8.447650909423828,10316600,0.0,0.0
2012-02-28 00:00:00-05:00,8.456396623588438,8.675021146775345,8.395182023971744,8.657530784606934,12150400,0.0,0.0
2012-02-29 00:00:00-05:00,8.613807753219346,8.806196760090947,8.526357598105717,8.578827857971191,9454600,0.0,0.0
2012-03-01 00:00:00-05:00,8.57008296927009,8.683767841218009,8.386438304429069,8.430163383483887,10799300,0.0,0.0
2012-03-02 00:00:00-05:00,8.456395994012418,8.823685232340761,8.41267092583308,8.543846130371094,15245600,0.0,0.0
2012-03-05 00:00:00-05:00,8.491375991101917,8.526355879298562,8.229026412633928,8.456396102905273,12015200,0.0,0.0
2012-03-06 00:00:00-05:00,8.333964579975838,8.587568932336502,8.12408528850208,8.18529987335205,10179200,0.0,0.0
2012-03-07 00:00:00-05:00,8.2115373362336,8.395181967842223,8.167812265091287,8.194046974182129,7012500,0.0,0.0
2012-03-08 00:00:00-05:00,8.141575567998421,8.36020003634011,8.080360149752158,8.281495094299316,10089500,0.0,0.0
2012-03-09 00:00:00-05:00,8.395181967842223,8.395181967842223,8.167812265091287,8.194046974182129,10153900,0.0,0.0
2012-03-12 00:00:00-04:00,8.220281943638684,8.333966798614957,8.036637306213379,8.036637306213379,11235700,0.0,0.0
2012-03-13 00:00:00-04:00,8.202789438553106,8.220278960825915,7.992910167362864,8.14157485961914,16418800,0.0,0.0
2012-03-14 00:00:00-04:00,8.132833480834961,8.14157866304982,7.931698459825577,8.132833480834961,12680700,0.0,0.0
2012-03-15 00:00:00-04:00,8.12408681359028,8.596315725048141,8.089106925111412,8.421416282653809,22472900,0.0,0.0
2012-03-16 00:00:00-04:00,8.447649678597248,8.473884382385569,8.054125785827637,8.054125785827637,14737100,0.0,0.0
2012-03-19 00:00:00-04:00,8.089104624828536,8.229024138955364,8.019144867765123,8.14157485961914,9817500,0.0,0.0
2012-03-20 00:00:00-04:00,8.185302455343354,8.421417358221605,8.080362776504053,8.333967208862305,9882800,0.0,0.0
2012-03-21 00:00:00-04:00,8.377689123568516,8.683763696891626,8.264004305876677,8.517608642578125,21023800,0.0,0.0
2012-03-22 00:00:00-04:00,8.508866673594472,8.71000168352629,8.272752604702653,8.333967208862305,14986700,0.0,0.0
2012-03-23 00:00:00-04:00,8.316475661729617,8.473884724806481,8.26400541804651,8.412670135498047,9249700,0.0,0.0
2012-03-26 00:00:00-04:00,8.465143766383564,8.657532790902053,8.33396852168107,8.640043258666992,10079500,0.0,0.0
2012-03-27 00:00:00-04:00,8.613807753219346,8.675022361406993,8.500122885166224,8.578827857971191,8508500,0.0,0.0
2012-03-28 00:00:00-04:00,8.631298785267063,8.989842982426126,8.622553601437176,8.744983673095703,17276600,0.0,0.0
2012-03-29 00:00:00-04:00,8.753729634126936,8.841178978230117,8.53510502288892,8.806199073791504,11634700,0.0,0.0
2012-03-30 00:00:00-04:00,8.76247131468908,8.76247131468908,8.508866066440513,8.675021171569824,11853600,0.0,0.0
2012-04-02 00:00:00-04:00,8.640040213467463,8.814939644107236,8.570080441211555,8.753725051879883,10551700,0.0,0.0
2012-04-03 00:00:00-04:00,8.814940047707232,9.252189061319639,8.806194867278268,9.024819374084473,16724700,0.0,0.0
2012-04-04 00:00:00-04:00,8.963602649576725,9.287166742702624,8.919877591805959,9.1647367477417,12339800,0.0,0.0
2012-04-05 00:00:00-04:00,9.094779094960511,9.304659254064449,8.99858461277817,9.068544387817383,8456300,0.0,0.0
2012-04-09 00:00:00-04:00,9.007330882422814,9.094780194804034,8.876155662871374,8.99858570098877,5835400,0.0,0.0
2012-04-10 00:00:00-04:00,8.972351888009543,9.059801209136683,8.552592311045212,8.578827857971191,9603000,0.0,0.0
2012-04-11 00:00:00-04:00,8.69250877426956,8.814938780719004,8.60505948450812,8.666274070739746,6920800,0.0,0.0
2012-04-12 00:00:00-04:00,8.727490995703956,9.173485245156176,8.727490995703956,8.97235107421875,10834900,0.0,0.0
2012-04-13 00:00:00-04:00,8.928623322123647,8.972348382597492,8.814938498486116,8.858663558959961,7007000,0.0,0.0
2012-04-16 00:00:00-04:00,8.876155733672132,9.147250522385038,8.814941131118358,8.963605880737305,15157900,0.0,0.0
2012-04-17 00:00:00-04:00,9.05105471468224,9.164738721792798,8.911134332880225,9.129758834838867,12285200,0.0,0.0
2012-04-18 00:00:00-04:00,9.11226824573978,9.278422480898522,9.086033542080232,9.208462715148926,10180200,0.0,0.0
2012-04-19 00:00:00-04:00,9.234699700404366,9.645713180116191,9.077289785799474,9.462068557739258,22660200,0.0,0.0
2012-04-20 00:00:00-04:00,9.488304249993405,9.567008374557867,9.23469984687768,9.400854110717773,12197600,0.0,0.0
2012-04-23 00:00:00-04:00,9.208463964458906,9.28716892010163,9.00732981913755,9.086034774780273,9612100,0.0,0.0
2012-04-24 00:00:00-04:00,9.094776988902916,9.287166742702624,9.086032644537651,9.1647367477417,9782600,0.0,0.0
2012-04-25 00:00:00-04:00,9.147247225025058,9.374616858244158,8.963602649576725,9.1647367477417,12228400,0.0,0.0
2012-04-26 00:00:00-04:00,9.19972143956179,9.304661123201075,8.963606525883547,9.094780921936035,8304000,0.0,0.0
2012-04-27 00:00:00-04:00,9.086034966385595,9.488304099497622,9.00733000908315,9.462068557739258,10975200,0.0,0.0
2012-04-30 00:00:00-04:00,9.41834508448847,9.724418923879481,9.374620012007927,9.58449935913086,13160200,0.0,0.0
2012-05-01 00:00:00-04:00,9.741908194284873,9.916807630612386,9.601987811236565,9.663203239440918,13729900,0.0,0.0
2012-05-02 00:00:00-04:00,9.593244671300612,9.65445927321666,9.409600031566066,9.505794525146484,7707300,0.0,0.0
2012-05-03 00:00:00-04:00,9.453324975675624,9.733164105172868,9.453324975675624,9.58449935913086,8483900,0.0,0.0
2012-05-04 00:00:00-04:00,9.663203293531213,9.79437766301453,9.532028090061596,9.619478225708008,15183900,0.0,0.0
2012-05-07 00:00:00-04:00,9.619479852200119,9.838104394295577,9.57575477698374,9.768144607543945,11680500,0.0,0.0
2012-05-08 00:00:00-04:00,9.706930002632879,9.820614030614447,9.610734670359555,9.768144607543945,11789400,0.0,0.0
2012-05-09 00:00:00-04:00,9.680692943347768,9.698183304293941,9.479558796384651,9.540773391723633,11634200,0.0,0.0
2012-05-10 00:00:00-04:00,9.619480047758074,9.750654442087464,9.57575497165279,9.64571475982666,8887400,0.0,0.0
2012-05-11 00:00:00-04:00,9.593243867781984,9.986767824541657,9.57575350642157,9.943042755126953,7838200,0.0,0.0
2012-05-14 00:00:00-04:00,9.951788842616681,10.126688302226048,9.890574240250004,9.995513916015625,15907800,0.0,0.0
2012-05-15 00:00:00-04:00,9.969278785958274,10.013003861174655,9.706930002632879,9.768144607543945,9694200,0.0,0.0
2012-05-16 00:00:00-04:00,9.820614633361066,10.065474736006664,9.820614633361066,9.960535049438477,9472000,0.0,0.0
2012-05-17 00:00:00-04:00,9.916808668245928,9.92555384947392,9.024820198664008,9.103525161743164,20742400,0.0,0.0
2012-05-18 00:00:00-04:00,9.121014083772584,9.129758429633249,8.771214395772127,8.867409706115723,18994600,0.0,0.0
2012-05-21 00:00:00-04:00,8.87615610919659,9.287170483413469,8.87615610919659,9.252190589904785,14203200,0.0,0.0
2012-05-22 00:00:00-04:00,9.3396408149,9.4445804962601,9.155996164023207,9.21721076965332,12860300,0.0,0.0
2012-05-23 00:00:00-04:00,9.199719945469388,9.40085409794928,8.963605070137685,9.392108917236328,9144000,0.0,0.0
2012-05-24 00:00:00-04:00,9.53202589337902,10.091704797766589,9.514536370672028,9.8555908203125,19379500,0.0,0.0
2012-05-25 00:00:00-04:00,9.890573339018374,10.100452671425355,9.811868380869173,9.943042755126953,11596300,0.0,0.0
2012-05-29 00:00:00-04:00,10.047980863266128,10.345310288397894,9.943041213334833,10.319075584411621,18680200,0.0,0.0
2012-05-30 00:00:00-04:00,10.23162645745214,10.493976024871177,10.17041186418267,10.275351524353027,13803100,0.0,0.0
2012-05-31 00:00:00-04:00,10.36280117645341,10.712600027427987,10.152921031882416,10.581425666809082,20830500,0.0,0.0
2012-06-01 00:00:00-04:00,10.511469789522858,10.52895932155569,9.995515667762755,10.065475463867188,17554100,0.0,0.0
2012-06-04 00:00:00-04:00,9.943041734933376,9.951786914716294,8.841174101873003,8.902389526367188,29678300,0.0,0.0
2012-06-05 00:00:00-04:00,9.05105641072646,9.295915665287252,9.042311228852677,9.252190589904785,11215400,0.0,0.0
2012-06-06 00:00:00-04:00,9.357127299554284,9.43583224345671,9.138502826041398,9.278422355651855,14791800,0.0,0.0
2012-06-07 00:00:00-04:00,9.339640258522648,9.505794535614786,8.989840507507324,8.989840507507324,15796300,0.0,0.0
2012-06-08 00:00:00-04:00,8.797451405011957,9.190975390016474,8.648786658723477,9.077290534973145,20033400,0.0,0.0
2012-06-11 00:00:00-04:00,9.252192332056094,9.26093751557656,8.876157780542076,8.893648147583008,11489900,0.0,0.0
2012-06-12 00:00:00-04:00,8.954860080381204,9.12975952843819,8.744980742712821,8.779960632324219,12803400,0.0,0.0
2012-06-13 00:00:00-04:00,8.884900844305418,9.225955414355472,8.744981277306342,8.99858570098877,16726400,0.0,0.0
2012-06-14 00:00:00-04:00,9.007329660549505,9.357128530595853,8.97234977354487,9.138504028320312,8616600,0.0,0.0
2012-06-15 00:00:00-04:00,9.068545568929725,9.15599571611164,8.806195961370396,8.97235107421875,8161600,0.0,0.0
2012-06-18 00:00:00-04:00,8.963607120098278,9.295916557312012,8.884902143654692,9.295916557312012,9463800,0.0,0.0
2012-06-19 00:00:00-04:00,9.269679468948446,9.584498460102752,9.252189108002273,9.540773391723633,8012700,0.0,0.0
2012-06-20 00:00:00-04:00,9.479556519197592,9.803120613098145,9.374616880688178,9.803120613098145,13200100,0.0,0.0
2012-06-21 00:00:00-04:00,9.803124331691215,9.908064010007116,9.60198932276258,9.820613861083984,17544300,0.0,0.0
2012-06-22 00:00:00-04:00,9.776888068214888,9.899317256484007,9.593243451824913,9.654458045959473,8435000,0.0,0.0
2012-06-25 00:00:00-04:00,9.619477074649488,9.65445695792513,9.121013529475054,9.199718475341797,12840500,0.0,0.0
2012-06-26 00:00:00-04:00,9.155994343507336,9.820612193306536,9.103524096266888,9.741908073425293,21807000,0.0,0.0
2012-06-27 00:00:00-04:00,9.706932038450788,9.95179134343541,9.470817083154223,9.680696487426758,12157400,0.0,0.0
2012-06-28 00:00:00-04:00,9.706929042507502,9.776888822339318,9.3746196713132,9.759398460388184,9647500,0.0,0.0
2012-06-29 00:00:00-04:00,9.80312485138838,9.855595110321174,9.54952040685057,9.57575511932373,11398200,0.0,0.0
2012-07-02 00:00:00-04:00,9.715673459098502,9.838103491674431,9.575753898432506,9.724418640136719,7967100,0.0,0.0
2012-07-03 00:00:00-04:00,9.663203707658756,9.663203707658756,9.35712905376544,9.409599304199219,6082600,0.0,0.0
2012-07-05 00:00:00-04:00,9.365876351042637,9.435836144773262,9.217211580868426,9.295916557312012,8504000,0.0,0.0
2012-07-06 00:00:00-04:00,9.295914058194366,9.671948473893115,9.24344381000926,9.619478225708008,9499300,0.0,0.0
2012-07-09 00:00:00-04:00,9.680692943347768,9.72441801172689,9.41834420104567,9.540773391723633,7082200,0.0,0.0
2012-07-10 00:00:00-04:00,9.532030507805,9.58450076929888,9.18223154446751,9.374621391296387,13815500,0.0,0.0
2012-07-11 00:00:00-04:00,9.392111193473546,9.750655349736672,9.37462166179528,9.698185920715332,11355600,0.0,0.0
2012-07-12 00:00:00-04:00,9.383363749268113,9.610733444195683,9.339639513616635,9.400854110717773,9789900,0.0,0.0
2012-07-13 00:00:00-04:00,9.409599142195177,9.514538807269663,9.357128892664772,9.462068557739258,5318900,0.0,0.0
2012-07-16 00:00:00-04:00,9.4970511144585,9.715675686619957,9.40085660294262,9.593246459960938,7189800,0.0,0.0
2012-07-17 00:00:00-04:00,9.706929686903608,9.706929686903608,9.374620293648894,9.444580078125,10406800,0.0,0.0
2012-07-18 00:00:00-04:00,9.462068516631163,9.497048404837354,8.893645124783971,8.946114540100098,19709300,0.0,0.0
2012-07-19 00:00:00-04:00,9.086038336581623,9.164742489090713,8.69251340410301,8.744983673095703,15720100,0.0,0.0
2012-07-20 00:00:00-04:00,8.727491452438796,8.893646573982528,8.613807422733872,8.692511558532715,12053500,0.0,0.0
2012-07-23 00:00:00-04:00,8.605060823060848,8.622550350139228,8.351456425526939,8.447650909423828,12583800,0.0,0.0
2012-07-24 00:00:00-04:00,8.500120717438925,8.570080490093874,8.054126541273925,8.159066200256348,14537700,0.0,0.0
2012-07-25 00:00:00-04:00,8.421414620600212,8.59631402847633,7.940440623451263,8.281495094299316,24152400,0.0,0.0
2012-07-26 00:00:00-04:00,8.377692505566761,8.377692505566761,8.045383096775593,8.22902774810791,19560100,0.0,0.0
2012-07-27 00:00:00-04:00,8.28149705875263,8.351456838498232,8.115341956367056,8.237771987915039,14923500,0.0,0.0
2012-07-30 00:00:00-04:00,8.220279676053053,8.368944381244296,8.062870625957627,8.281495094299316,17242600,0.0,0.0
2012-07-31 00:00:00-04:00,8.281495700647582,8.543845248663352,8.18530039378294,8.438904762268066,18124100,0.0,0.0
2012-08-01 00:00:00-04:00,8.298984512885927,8.41266933506074,8.220279571842891,8.290239334106445,15043400,0.0,0.0
2012-08-02 00:00:00-04:00,8.202791373720283,8.281496327480879,7.992912053016217,8.071616172790527,14795700,0.0,0.0
2012-08-03 00:00:00-04:00,8.132831560154447,8.22028085969125,8.01914672016895,8.124086380004883,7073700,0.0,0.0
2012-08-06 00:00:00-04:00,8.141577556000446,8.246517226350178,8.097852484858132,8.194046974182129,8104000,0.0,0.0
2012-08-07 00:00:00-04:00,8.17655654696707,8.255260665584753,8.062871708093162,8.150321006774902,12499800,0.0,0.0
2012-08-08 00:00:00-04:00,8.194045095754458,8.360200161208086,8.089105449461409,8.211535453796387,12932000,0.0,0.0
2012-08-09 00:00:00-04:00,8.176556941474756,8.20279164894644,7.905462184312984,7.931696891784668,13486900,0.0,0.0
2012-08-10 00:00:00-04:00,7.966676887023709,8.03663666388117,7.844247694516315,7.922952651977539,7633300,0.0,0.0
2012-08-13 00:00:00-04:00,7.922952318453759,8.115341279719829,7.861736890790655,8.097851753234863,8650300,0.0,0.0
2012-08-14 00:00:00-04:00,8.097851660239321,8.281496273147082,8.054126593549611,8.115341186523438,10919600,0.0,0.0
2012-08-15 00:00:00-04:00,8.062871866278641,8.132831640191084,8.019146799086794,8.097851753234863,7577200,0.0,0.0
2012-08-16 00:00:00-04:00,8.106598214086336,8.159067635816223,7.887973677576819,7.8967180252075195,9995300,0.0,0.0
2012-08-17 00:00:00-04:00,7.966676738118409,8.027892167214253,7.905462143008875,7.984167098999023,12886100,0.0,0.0
2012-08-20 00:00:00-04:00,7.957932801960731,8.307731697744924,7.957932801960731,8.272751808166504,14686500,0.0,0.0
2012-08-21 00:00:00-04:00,8.333968818524612,8.683768649537381,8.290243735399692,8.491378784179688,24099900,0.0,0.0
2012-08-22 00:00:00-04:00,8.430162539954821,8.482631962381255,8.211538000543003,8.333967208862305,10371400,0.0,0.0
2012-08-23 00:00:00-04:00,8.307733152534741,8.368947761519845,7.931698648228542,8.00165843963623,11852000,0.0,0.0
2012-08-24 00:00:00-04:00,8.045381186220647,8.062871545997133,7.949186709408746,7.966676235198975,7277200,0.0,0.0
2012-08-27 00:00:00-04:00,7.992912428835001,8.054127025088697,7.914207471373776,7.922952651977539,6968300,0.0,0.0
2012-08-28 00:00:00-04:00,7.8967171278839805,7.905462308507366,7.581898131319052,7.608132839202881,20934300,0.0,0.0
2012-08-29 00:00:00-04:00,7.634369122912438,7.651859487769431,7.398255035248533,7.5294294357299805,15102100,0.0,0.0
2012-08-30 00:00:00-04:00,7.546919975264167,7.564409506539464,7.4419802856528285,7.476960182189941,13066400,0.0,0.0
2012-08-31 00:00:00-04:00,7.651856999672113,7.721816768378788,7.564406871795654,7.564406871795654,11402000,0.0,0.0
2012-09-04 00:00:00-04:00,7.573153252924707,7.6081331428278975,7.363273913505567,7.485703945159912,12021100,0.0,0.0
2012-09-05 00:00:00-04:00,7.538173747873944,7.844248425642903,7.5206842190226215,7.765543460845947,12740500,0.0,0.0
2012-09-06 00:00:00-04:00,7.818012789398095,8.14157782619765,7.800523260752558,8.045382499694824,14112100,0.0,0.0
2012-09-07 00:00:00-04:00,8.097851660239321,8.298985799431199,8.045381413414413,8.115341186523438,13606400,0.0,0.0
2012-09-10 00:00:00-04:00,8.115339194724635,8.482628330394071,8.097849672733082,8.202789306640625,10470700,0.0,0.0
2012-09-11 00:00:00-04:00,8.132831546793835,8.281496273147082,8.054126593549611,8.115341186523438,6210500,0.0,0.0
2012-09-12 00:00:00-04:00,8.115342751938154,8.351457657216374,8.10659840410249,8.307732582092285,10244900,0.0,0.0
2012-09-13 00:00:00-04:00,8.290240366630488,8.325221086105158,8.14157647879442,8.264005661010742,7533300,0.0,0.0
2012-09-14 00:00:00-04:00,8.246516494769814,8.264006021283357,8.07161622571664,8.106596946716309,9551000,0.0,0.0
2012-09-17 00:00:00-04:00,8.089106533175675,8.150321126551123,7.905461919063046,8.071616172790527,11245300,0.0,0.0
2012-09-18 00:00:00-04:00,8.010401581643265,8.115341242024488,7.818011787284546,7.8355021476745605,12421300,0.0,0.0
2012-09-19 00:00:00-04:00,7.975422452456929,8.237772045324443,7.940442562340352,8.194046974182129,19155500,0.0,0.0
2012-09-20 00:00:00-04:00,8.115343309170349,8.159068387296779,7.975423726354972,8.00165843963623,7380000,0.0,0.0
2012-09-21 00:00:00-04:00,8.02789220915803,8.089106804587393,7.905462184312984,7.931696891784668,10426200,0.0,0.0
2012-09-24 00:00:00-04:00,7.887972616114569,8.089106762323786,7.774287772349499,7.984167098999023,8190600,0.0,0.0
2012-09-25 00:00:00-04:00,7.9841687651966105,8.04538337308088,7.870483897706911,7.887974262237549,13833700,0.0,0.0
2012-09-26 00:00:00-04:00,7.835505087208747,8.054129670184453,7.826759903732935,8.010404586791992,5420900,0.0,0.0
2012-09-27 00:00:00-04:00,7.992912053016217,8.13283160015226,7.905461919063046,8.071616172790527,8492400,0.0,0.0
2012-09-28 00:00:00-04:00,7.992915053826967,8.04538448670864,7.9054648870420445,8.010404586791992,7016300,0.0,0.0
2012-10-01 00:00:00-04:00,7.975420505026486,8.44764932328509,7.96667532613614,8.281495094299316,15083700,0.0,0.0
2012-10-02 00:00:00-04:00,8.22028112623578,8.570080837684172,8.17655689204275,8.543846130371094,15425300,0.0,0.0
2012-10-03 00:00:00-04:00,8.631296617291982,8.981096376746464,8.526356939651563,8.88490104675293,17180400,0.0,0.0
2012-10-04 00:00:00-04:00,8.928624297071645,8.928624297071645,8.657529559720947,8.867409706115723,11015700,0.0,0.0
2012-10-05 00:00:00-04:00,8.963605797226755,9.164739966021784,8.858666122118079,8.989840507507324,7120200,0.0,0.0
2012-10-08 00:00:00-04:00,8.989837906395332,9.17348249319655,8.823683677378117,8.858663558959961,7033400,0.0,0.0
2012-10-09 00:00:00-04:00,8.867412048480162,8.911136291292193,8.605062421675619,8.648787498474121,9063400,0.0,0.0
2012-10-10 00:00:00-04:00,8.657529031626723,8.718744452834864,8.526354677869367,8.605059623718262,8140100,0.0,0.0
2012-10-11 00:00:00-04:00,8.640039620342018,8.65752914521223,8.50012008543546,8.526354789733887,7802900,0.0,0.0
2012-10-12 00:00:00-04:00,8.605062213635557,8.84117628826071,8.543847607989491,8.762472152709961,11387000,0.0,0.0
2012-10-15 00:00:00-04:00,8.814940371082708,8.919880038121033,8.753725773806936,8.841175079345703,7159900,0.0,0.0
2012-10-16 00:00:00-04:00,8.823687686622613,8.876157115842982,8.683768096719572,8.736237525939941,11032000,0.0,0.0
2012-10-17 00:00:00-04:00,8.718745750240615,9.007330038638967,8.683765861767673,8.911134719848633,9621300,0.0,0.0
2012-10-18 00:00:00-04:00,8.919880878911737,9.094780340461691,8.919880878911737,8.92862606048584,8861600,0.0,0.0
2012-10-19 00:00:00-04:00,8.902393646087148,8.928628363590178,8.701258587932898,8.744983673095703,7182800,0.0,0.0
2012-10-22 00:00:00-04:00,8.744979690217624,8.919879117224726,8.657529559720947,8.867409706115723,7317200,0.0,0.0
2012-10-23 00:00:00-04:00,8.867411505636271,8.963606001514979,8.6662764982708,8.876155853271484,11526200,0.0,0.0
2012-10-24 00:00:00-04:00,8.814940521935615,8.989839969992602,8.578826475555273,8.779960632324219,14129700,0.0,0.0
2012-10-25 00:00:00-04:00,8.78870753055766,8.832432609612479,8.351458407982518,8.430163383483887,11605300,0.0,0.0
2012-10-26 00:00:00-04:00,8.482632811160455,8.543848255431806,8.298988146319434,8.430163383483887,9458300,0.0,0.0
2012-10-31 00:00:00-04:00,8.33396614446348,8.587570544431843,8.30773143660091,8.421416282653809,8323100,0.0,0.0
2012-11-01 00:00:00-04:00,8.430160367098424,8.552589543861858,8.421415187619258,8.482629776000977,6025800,0.0,0.0
2012-11-02 00:00:00-04:00,8.543845198368912,8.561334723341023,8.342710240279212,8.482629776000977,7063300,0.0,0.0
2012-11-05 00:00:00-05:00,8.430161286699338,8.596315544997251,8.39518139895313,8.543846130371094,6273400,0.0,0.0
2012-11-06 00:00:00-05:00,8.535101405044438,8.779960632324219,8.491376334533603,8.779960632324219,6963400,0.0,0.0
2012-11-07 00:00:00-05:00,8.727491452438796,8.762472180331335,8.412672407284058,8.692511558532715,11258200,0.0,0.0
2012-11-08 00:00:00-05:00,8.631296420622991,9.007330882422814,8.596316528873222,8.99858570098877,11436300,0.0,0.0
2012-11-09 00:00:00-05:00,8.911134719848633,9.17348430038886,8.82368541565944,8.911134719848633,10308400,0.0,0.0
2012-11-12 00:00:00-05:00,8.94611545833644,9.129760098764956,8.80619589115022,9.007330894470215,7384800,0.0,0.0
2012-11-13 00:00:00-05:00,8.911135697337636,9.182230488229875,8.902391349749951,8.92862606048584,8238400,0.0,0.0
2012-11-14 00:00:00-05:00,8.946113749110403,9.112268828888597,8.29024027774502,8.360200881958008,16717900,0.0,0.0
2012-11-15 00:00:00-05:00,8.351458605187233,8.578828354451998,8.272753627827386,8.298988342285156,13064400,0.0,0.0
2012-11-16 00:00:00-05:00,8.298985745566243,8.342710811972156,8.054126541273925,8.159066200256348,9599900,0.0,0.0
2012-11-19 00:00:00-05:00,8.27275262797768,8.360202777583016,8.150322585327492,8.351457595825195,6730300,0.0,0.0
2012-11-20 00:00:00-05:00,8.395181519886524,8.622550376518996,8.229026425208822,8.465141296386719,6981800,0.0,0.0
2012-11-21 00:00:00-05:00,8.473888427363176,8.50886832710719,8.298988928643112,8.500123977661133,9163100,0.0,0.0
2012-11-23 00:00:00-05:00,8.51760949855589,8.622549148359015,8.48262961528818,8.605059623718262,2652600,0.0,0.0
2012-11-26 00:00:00-05:00,8.552593251623225,8.692512848003606,8.368948572877331,8.570083618164062,6888900,0.0,0.0
2012-11-27 00:00:00-05:00,8.535101724714915,8.718746360549495,8.517611362260963,8.587571144104004,7973400,0.0,0.0
2012-11-28 00:00:00-05:00,8.55259379877134,8.876158094597486,8.52635908126831,8.744983673095703,11320000,0.0,0.0
2012-11-29 00:00:00-05:00,8.806194398071096,8.84991946389986,8.62254978877929,8.788704872131348,10219500,0.0,0.0
2012-11-30 00:00:00-05:00,8.727493305435928,8.788708758258508,8.61380925159392,8.744983673095703,9740500,0.0,0.0
2012-12-03 00:00:00-05:00,8.736234275249561,8.753724634472674,8.395180610261164,8.412670135498047,9804900,0.0,0.0
2012-12-04 00:00:00-05:00,8.622554065084216,8.710004240112148,8.307734936159685,8.508869171142578,9928900,0.0,0.0
2012-12-05 00:00:00-05:00,8.578828950429529,8.587573299865237,8.360204368791521,8.491378784179688,9922200,0.0,0.0
2012-12-06 00:00:00-05:00,8.535102426043924,8.771216500669077,8.50886688020722,8.762472152709961,11550100,0.0,0.0
2012-12-07 00:00:00-05:00,8.701255523294604,8.954859927133807,8.640040926018832,8.841175079345703,10243300,0.0,0.0
2012-12-10 00:00:00-05:00,8.841174166574968,8.919879117224726,8.701254624969286,8.867409706115723,8756700,0.0,0.0
2012-12-11 00:00:00-05:00,8.972347629261801,9.567005566224504,8.911132216143718,9.32214641571045,28373100,0.0,0.0
2012-12-12 00:00:00-05:00,9.287171233468758,9.70693082346026,9.155996830713827,9.374621391296387,19529800,0.0,0.0
2012-12-13 00:00:00-05:00,9.505793860823356,9.88182829542555,9.44457926318536,9.873083114624023,20240700,0.0,0.0
2012-12-14 00:00:00-05:00,9.855592780370808,9.99551232579806,9.724417581043053,9.811867713928223,12007100,0.0,0.0
2012-12-17 00:00:00-05:00,10.039238399405388,10.27535330110599,9.759399257229648,9.820613861083984,19546900,0.0,0.0
2012-12-18 00:00:00-05:00,9.846848002086247,10.152921811701152,9.794377753416837,10.082962036132812,14538500,0.0,0.0
2012-12-19 00:00:00-05:00,10.091709571761328,10.441508531238505,10.047984493330055,10.345314025878906,25298300,0.0,0.0
2012-12-20 00:00:00-05:00,10.327824259403869,10.476488188301964,10.187903844816951,10.441508293151855,13366300,0.0,0.0
2012-12-21 00:00:00-05:00,10.26660802165794,10.415272773019826,10.214138599992816,10.37154769897461,12579200,0.0,0.0
2012-12-24 00:00:00-05:00,10.319079377222954,10.467744144431057,10.187904141105298,10.301589012145996,4118800,0.0,0.0
2012-12-26 00:00:00-05:00,10.21413799382353,10.39778262672571,10.170412922373224,10.187902450561523,5844700,0.0,0.0
2012-12-27 00:00:00-05:00,10.152923657877716,10.284098886410586,9.995514551219319,10.11794376373291,6388400,0.0,0.0
2012-12-28 00:00:00-05:00,10.091709211410095,10.214139259848668,10.021749422012759,10.056729316711426,6935700,0.0,0.0
2012-12-31 00:00:00-05:00,10.117945141013697,10.537704761876595,10.100455608553805,10.380294799804688,11658400,0.0,0.0
2013-01-02 00:00:00-05:00,10.555189830912289,10.738834431010384,10.467740537618953,10.695109367370605,10628500,0.0,0.0
2013-01-03 00:00:00-05:00,10.616407561926826,11.027421081143197,10.598917199073497,11.00118637084961,16272400,0.0,0.0
2013-01-04 00:00:00-05:00,10.983697073236138,11.438435675173604,10.97495189162535,11.350985527038574,17125600,0.0,0.0
2013-01-07 00:00:00-05:00,11.490904013486114,11.700783333206138,11.272279513614517,11.359728813171387,23137100,0.0,0.0
2013-01-08 00:00:00-05:00,11.412200964327663,11.595845608222092,11.254791031279176,11.350985527038574,16685700,0.0,0.0
2013-01-09 00:00:00-05:00,11.36847379588794,11.508393339937989,11.2722793178501,11.464668273925781,10251700,0.0,0.0
2013-01-10 00:00:00-05:00,11.761999425775851,11.936898881172969,11.517140188219885,11.63082504272461,27721200,0.0,0.0
2013-01-11 00:00:00-05:00,11.657060646257984,11.72702043378049,11.447181283690467,11.674551010131836,14934900,0.0,0.0
2013-01-14 00:00:00-05:00,11.630828513149428,11.796982836857481,11.517143624723229,11.753257751464844,7996300,0.0,0.0
2013-01-15 00:00:00-05:00,11.58710035851297,12.015604247086143,11.552120466261822,11.91940975189209,17041000,0.0,0.0
2013-01-16 00:00:00-05:00,11.849448560068435,12.33916699342221,11.82321385249249,12.173012733459473,20083000,0.0,0.0
2013-01-17 00:00:00-05:00,12.199250450677512,12.242975530082253,11.998116252996834,12.094310760498047,9910600,0.0,0.0
2013-01-18 00:00:00-05:00,12.111799552002035,12.164268973280434,11.893175017373741,11.9019193649292,11337100,0.0,0.0
2013-01-22 00:00:00-05:00,11.928153397294066,12.374146757562718,11.770743485442594,12.251717567443848,16829300,0.0,0.0
2013-01-23 00:00:00-05:00,12.2866997040853,12.374149022464158,12.015604898941985,12.05058479309082,20839900,0.0,0.0
2013-01-24 00:00:00-05:00,12.09430589595677,12.391635315534092,11.989366247985867,12.181756019592285,14578900,0.0,0.0
2013-01-25 00:00:00-05:00,12.190502810995708,12.40038298303968,12.0855631419669,12.391637802124023,10746000,0.0,0.0
2013-01-28 00:00:00-05:00,12.382892935518377,12.417872826082528,12.155523229858213,12.190503120422363,9593800,0.0,0.0
2013-01-29 00:00:00-05:00,12.146779407517888,12.181759299593372,11.901919329003094,11.963134765625,16123200,0.0,0.0
2013-01-30 00:00:00-05:00,11.998113427489942,12.173012869934277,11.963133539001074,12.103053092956543,8168500,0.0,0.0
2013-01-31 00:00:00-05:00,12.041839387136488,12.173013770173991,11.99811431479519,12.14677906036377,6967400,0.0,0.0
2013-02-01 00:00:00-05:00,12.21673694901205,12.321676605974465,12.01560198101106,12.085561752319336,10069500,0.0,0.0
2013-02-04 00:00:00-05:00,11.92815543511433,12.199249402965537,11.753255132516383,12.12054443359375,10041800,0.0,0.0
2013-02-05 00:00:00-05:00,12.09430589595677,12.330420729380945,12.068071192460591,12.181756019592285,19010700,0.0,0.0
2013-02-06 00:00:00-05:00,12.164270409527095,12.67147932303245,12.164270409527095,12.653989791870117,16494800,0.0,0.0
2013-02-07 00:00:00-05:00,12.671474851023081,13.021274524670293,12.645240146545062,12.995038986206055,16685200,0.0,0.0
2013-02-08 00:00:00-05:00,12.916335258982057,13.012529734268577,12.697710769160313,12.785160064697266,9197200,0.0,0.0
2013-02-11 00:00:00-05:00,12.820139806748838,13.0300191144806,12.776414742474829,12.84637451171875,7583800,0.0,0.0
2013-02-12 00:00:00-05:00,12.80265447188284,12.93382887365348,12.645244522568866,12.680224418640137,7146700,0.0,0.0
2013-02-13 00:00:00-05:00,12.741433804449846,12.942568749886883,12.680219219918914,12.925078392028809,7230400,0.0,0.0
2013-02-14 00:00:00-05:00,12.767674041958568,12.83763383117589,12.260465153139737,12.45285415649414,17917800,0.0,0.0
2013-02-15 00:00:00-05:00,12.566537715616711,12.732692823218473,12.514068296153493,12.636497497558594,14248600,0.0,0.0
2013-02-19 00:00:00-05:00,12.592771762188777,12.78516156939053,12.41787231654461,12.505322456359863,12245700,0.0,0.0
2013-02-20 00:00:00-05:00,12.496576034245157,12.522810739989197,12.050581866665198,12.085561752319336,13822800,0.0,0.0
2013-02-21 00:00:00-05:00,12.207991286562715,12.234225991269787,11.50839276714637,11.858192443847656,21229600,0.0,0.0
2013-02-22 00:00:00-05:00,11.858192114445938,12.041836710266546,11.70952740192515,12.024346351623535,8462800,0.0,0.0
2013-02-25 00:00:00-05:00,12.103050966045776,12.540299912310516,12.08556060788182,12.26046085357666,16933300,0.0,0.0
2013-02-26 00:00:00-05:00,12.190503190937386,12.24297344408031,11.893174536415424,12.155523300170898,11452000,0.0,0.0
2013-02-27 00:00:00-05:00,12.146780320257612,12.549049526346398,12.111800425553652,12.479089736938477,7947600,0.0,0.0
2013-02-28 00:00:00-05:00,12.540304344173789,12.61026413358171,12.444109008248041,12.479089736938477,7523500,0.0,0.0
2013-03-01 00:00:00-05:00,12.470342623297778,13.187430770656066,12.470342623297778,12.960061073303223,16031300,0.0,0.0
2013-03-04 00:00:00-05:00,12.898845210062465,13.895773207888787,12.776415192579359,13.685893058776855,25397700,0.0,0.0
2013-03-05 00:00:00-05:00,13.7383658269972,13.930755651512778,13.703385934720403,13.869540214538574,12270800,0.0,0.0
2013-03-06 00:00:00-05:00,13.99196966061975,14.053184261009319,13.528485899127908,13.703385353088379,12824800,0.0,0.0
2013-03-07 00:00:00-05:00,13.729621515990468,13.930756534825292,13.633427014626447,13.904520988464355,6443600,0.0,0.0
2013-03-08 00:00:00-05:00,14.114400735528106,14.341770472860368,13.825817223664606,14.201850891113281,18025800,0.0,0.0
2013-03-11 00:00:00-04:00,14.035695751296506,14.359260826316127,13.790837317417534,14.193105697631836,11617300,0.0,0.0
2013-03-12 00:00:00-04:00,14.1668703917135,14.254318870449596,13.965735387877567,14.018205642700195,9592100,0.0,0.0
2013-03-13 00:00:00-04:00,13.948242618388665,14.350511722668838,13.948242618388665,14.306787490844727,11475800,0.0,0.0
2013-03-14 00:00:00-04:00,14.289297262608766,14.411726447222543,14.140632537875234,14.236827850341797,9249800,0.0,0.0
2013-03-15 00:00:00-04:00,14.123145410609936,14.19310519897067,13.834561075125293,13.991971015930176,15200400,0.0,0.0
2013-03-18 00:00:00-04:00,13.843304931097075,14.324278221507388,13.782090330641882,14.228084564208984,8001000,0.0,0.0
2013-03-19 00:00:00-04:00,14.35925761573684,14.63035153604894,14.254317118985886,14.464198112487793,9146200,0.0,0.0
2013-03-20 00:00:00-04:00,14.6128602139933,14.945170375200668,14.499176212299728,14.927680015563965,13076400,0.0,0.0
2013-03-21 00:00:00-04:00,14.81399929815843,15.085093260739313,14.717803966802398,14.72654914855957,10723800,0.0,0.0
2013-03-22 00:00:00-04:00,14.892704354625653,14.90144953643487,14.507924694884593,14.612863540649414,10148700,0.0,0.0
2013-03-25 00:00:00-04:00,14.67407762087106,14.76152608995184,14.18435752056101,14.263062477111816,11366000,0.0,0.0
2013-03-26 00:00:00-04:00,14.429217165308703,14.595372254244582,14.245573383831616,14.472941398620605,10003800,0.0,0.0
2013-03-27 00:00:00-04:00,14.315536033193961,14.65658979185078,14.245576245059922,14.507925033569336,7921800,0.0,0.0
2013-03-28 00:00:00-04:00,14.595371478683761,14.81399596957129,14.402980859200337,14.43796157836914,10119400,0.0,0.0
2013-04-01 00:00:00-04:00,14.36800410270046,14.813998335496915,14.210594177246094,14.210594177246094,10897400,0.0,0.0
2013-04-02 00:00:00-04:00,13.467269671464281,13.624679587749688,12.91633663243803,13.065000534057617,41032200,0.0,0.0
2013-04-03 00:00:00-04:00,13.099982134871096,13.239902542070544,12.470344055412568,12.732693672180176,26394900,0.0,0.0
2013-04-04 00:00:00-04:00,12.610263260140359,12.986297727652019,12.601518078573479,12.898847579956055,16159800,0.0,0.0
2013-04-05 00:00:00-04:00,12.277951707540167,12.785160473422533,12.190501575221303,12.584026336669922,38513400,0.0,0.0
2013-04-08 00:00:00-04:00,12.767672933950735,13.099981486901289,12.592772642099202,13.056257247924805,12334100,0.0,0.0
2013-04-09 00:00:00-04:00,13.266135826766721,13.327350424967117,12.898846569591644,12.942571640014648,14994800,0.0,0.0
2013-04-10 00:00:00-04:00,13.047511508309265,13.39731040907371,13.003786437217117,13.336095809936523,11900400,0.0,0.0
2013-04-11 00:00:00-04:00,13.33609441976646,13.764598237031759,13.33609441976646,13.598443984985352,11817700,0.0,0.0
2013-04-12 00:00:00-04:00,13.545971855829672,13.913261029295775,13.458522568900605,13.537226676940918,8501600,0.0,0.0
2013-04-15 00:00:00-04:00,13.624680669213209,13.720875162364019,12.86386740342117,13.038766860961914,15407200,0.0,0.0
2013-04-16 00:00:00-04:00,13.467269197063706,13.89577386141424,13.35358518818038,13.878283500671387,11532500,0.0,0.0
2013-04-17 00:00:00-04:00,13.72087314346722,13.729618323554085,13.292369327046082,13.580953598022461,22305600,0.0,0.0
2013-04-18 00:00:00-04:00,13.580955158067535,13.580955158067535,13.178686001712041,13.248645782470703,14419200,0.0,0.0
2013-04-19 00:00:00-04:00,13.309859210959814,13.528483701390886,12.986295065200178,13.344839096069336,9027300,0.0,0.0
2013-04-22 00:00:00-04:00,13.406054849172879,13.729619022994063,13.038765606676117,13.239900588989258,17120100,0.0,0.0
2013-04-23 00:00:00-04:00,13.056257032858673,14.647843324193955,12.977552069619213,14.621607780456543,28073700,0.0,0.0
2013-04-24 00:00:00-04:00,14.53415971993506,14.647843743438782,14.271809278970375,14.402983665466309,11143400,0.0,0.0
2013-04-25 00:00:00-04:00,14.437964900626922,14.779018651138674,14.236830723041676,14.245575904846191,20782200,0.0,0.0
2013-04-26 00:00:00-04:00,14.298041505775426,14.752780830219336,14.149376790783089,14.700309753417969,11495100,0.0,0.0
2013-04-29 00:00:00-04:00,14.639095122484537,14.953914910486063,14.586625713808425,14.82274055480957,10950900,0.0,0.0
2013-04-30 00:00:00-04:00,14.805253518048323,15.155052434333802,14.647843588726657,14.988897323608398,12023700,0.0,0.0
2013-05-01 00:00:00-04:00,15.093838442496486,15.347442041563022,14.586629576390543,14.72654914855957,13514600,0.0,0.0
2013-05-02 00:00:00-04:00,14.752785421508054,15.33869928435572,14.595375478060479,15.294973373413086,16788000,0.0,0.0
2013-05-03 00:00:00-04:00,15.496110430164876,16.01206459904714,15.46113136290457,15.705989837646484,17308400,0.0,0.0
2013-05-06 00:00:00-04:00,15.73222144706803,15.950845983577546,15.53983245540988,15.793436050415039,7968700,0.0,0.0
2013-05-07 00:00:00-04:00,15.79343416887875,15.87213912608356,15.653514615619676,15.810924530029297,7301400,0.0,0.0
2013-05-08 00:00:00-04:00,15.959588357159518,16.475542305979467,15.959588357159518,16.318132400512695,26633800,0.0,0.0
2013-05-09 00:00:00-04:00,16.379346652854636,16.51052101536132,15.417398547851441,15.478614807128906,23003700,0.0,0.0
2013-05-10 00:00:00-04:00,15.583557479237808,15.950846785764112,15.496107326641463,15.85465145111084,11567200,0.0,0.0
2013-05-13 00:00:00-04:00,15.810924766044248,15.898374905129728,15.548576016760476,15.644769668579102,8181700,0.0,0.0
2013-05-14 00:00:00-04:00,15.740966378825984,15.97708127482185,15.69724213940726,15.959590911865234,8452500,0.0,0.0
2013-05-15 00:00:00-04:00,16.0033102125455,16.99149373098703,15.959585986620391,16.58047866821289,21079200,0.0,0.0
2013-05-16 00:00:00-04:00,16.571737591617897,16.877810553997122,16.283153321394238,16.300642013549805,10451100,0.0,0.0
2013-05-17 00:00:00-04:00,16.379347314263292,16.5717379438163,16.12574375890603,16.213193893432617,10414800,0.0,0.0
2013-05-20 00:00:00-04:00,16.248182840944608,16.501788218709848,15.933362832125303,16.05579376220703,8101600,0.0,0.0
2013-05-21 00:00:00-04:00,16.05578730247431,16.134492273013727,15.653517267720297,15.85465145111084,9161500,0.0,0.0
2013-05-22 00:00:00-04:00,15.915863963800815,16.186957871600907,15.828413831873277,15.8983736038208,10284700,0.0,0.0
2013-05-23 00:00:00-04:00,15.609789736101302,16.22193733933763,15.461125008406144,16.16946792602539,9341900,0.0,0.0
2013-05-24 00:00:00-04:00,15.924610963754095,16.554250717163086,15.924610963754095,16.554250717163086,11080300,0.0,0.0
2013-05-28 00:00:00-04:00,16.720400233799367,16.83408422452469,16.160720455230344,16.3705997467041,9908300,0.0,0.0
2013-05-29 00:00:00-04:00,16.20444931605335,16.28315427325816,15.522340242935872,15.810924530029297,13292700,0.0,0.0
2013-05-30 00:00:00-04:00,15.933351828127376,16.090761723825555,15.802177471036375,15.828413009643555,5579200,0.0,0.0
2013-05-31 00:00:00-04:00,15.828415040957374,16.10825415012352,15.714729360375713,15.749710083007812,7024200,0.0,0.0
2013-06-03 00:00:00-04:00,15.84590465815203,16.06452916041809,15.347439391888441,15.574809074401855,9934100,0.0,0.0
2013-06-04 00:00:00-04:00,15.714731119190649,16.318135308346918,15.56606636731078,15.819671630859375,12083100,0.0,0.0
2013-06-05 00:00:00-04:00,15.73222231075049,15.82841764584701,15.172544000311689,15.35618782043457,10279700,0.0,0.0
2013-06-06 00:00:00-04:00,15.303718555601613,15.557323835150028,14.814000028854789,15.294973373413086,12921100,0.0,0.0
2013-06-07 00:00:00-04:00,15.522341534137235,16.073274612426758,15.43489138908275,16.073274612426758,10492900,0.0,0.0
2013-06-10 00:00:00-04:00,16.151981249655844,16.344371922303512,15.924611516145932,16.256921768188477,7801700,0.0,0.0
2013-06-11 00:00:00-04:00,15.977079004496773,16.379347287500167,15.793433555493753,16.195703506469727,8208200,0.0,0.0
2013-06-12 00:00:00-04:00,16.335620717790952,16.4405595296638,15.749707069588478,15.802176475524902,6379400,0.0,0.0
2013-06-13 00:00:00-04:00,15.819664956911678,16.44055757942858,15.662255089802564,16.361852645874023,12372400,0.0,0.0
2013-06-14 00:00:00-04:00,16.291892868622465,16.580477068615064,16.204444425208816,16.484283447265625,10445000,0.0,0.0
2013-06-17 00:00:00-04:00,16.58922988974471,16.659189677491646,16.256921314939998,16.45805549621582,8832100,0.0,0.0
2013-06-18 00:00:00-04:00,16.440566719279538,16.65919128558896,16.30064713027935,16.589231491088867,5265200,0.0,0.0
2013-06-19 00:00:00-04:00,16.606714774101253,16.650440669498302,16.3443660736084,16.3443660736084,4749700,0.0,0.0
2013-06-20 00:00:00-04:00,16.151983439963374,16.396843571095413,15.942104042410135,16.09951400756836,11287500,0.0,0.0
2013-06-21 00:00:00-04:00,16.213199109055168,16.31813796986678,15.58355927229303,15.98582935333252,10310600,0.0,0.0
2013-06-24 00:00:00-04:00,15.819669993485013,15.819669993485013,15.120072214679736,15.181286811828613,12095600,0.0,0.0
2013-06-25 00:00:00-04:00,15.36493664664739,15.942105458168275,15.36493664664739,15.872145652770996,9019300,0.0,0.0
2013-06-26 00:00:00-04:00,15.959594409199534,16.11700437435776,15.819674810830708,16.09951400756836,4871800,0.0,0.0
2013-06-27 00:00:00-04:00,16.160720648885512,16.353111252687807,15.959586533976164,16.3443660736084,4852600,0.0,0.0
2013-06-28 00:00:00-04:00,16.274404202344197,16.501773825060457,16.18695409084223,16.361852645874023,7486400,0.0,0.0
2013-07-01 00:00:00-04:00,16.440562489299435,17.253845933597095,16.440562489299435,16.930282592773438,13262600,0.0,0.0
2013-07-02 00:00:00-04:00,16.930285026002355,16.98275444892527,16.318135642667762,16.606719970703125,8702000,0.0,0.0
2013-07-03 00:00:00-04:00,16.379353204306014,16.52801798606954,16.00331865819985,16.09951400756836,6578000,0.0,0.0
2013-07-05 00:00:00-04:00,16.475545590976637,16.772875101036718,16.361859895262135,16.61546516418457,6658800,0.0,0.0
2013-07-08 00:00:00-04:00,16.74663767139303,16.834087811802128,16.571739058547536,16.641698837280273,4717900,0.0,0.0
2013-07-09 00:00:00-04:00,16.7641274596496,17.113926341348357,16.6854225027708,16.9040470123291,6139200,0.0,0.0
2013-07-10 00:00:00-04:00,16.930283692393925,17.17514209206182,16.195705157444753,16.35311508178711,15637600,0.0,0.0
2013-07-11 00:00:00-04:00,16.667932978436077,16.711658883326397,16.134490282555966,16.49303436279297,9921800,0.0,0.0
2013-07-12 00:00:00-04:00,16.5105186779367,16.956512781697228,16.43181540595287,16.869064331054688,8801100,0.0,0.0
2013-07-15 00:00:00-04:00,17.008993138754917,17.210127353786344,16.807857255750303,17.000247955322266,6599600,0.0,0.0
2013-07-16 00:00:00-04:00,17.052708078970756,17.131413018926864,16.79035939109858,16.869064331054688,5463500,0.0,0.0
2013-07-17 00:00:00-04:00,16.886559465030736,17.65611880097105,16.886559465030736,17.42000389099121,11346200,0.0,0.0
2013-07-18 00:00:00-04:00,17.489962531174157,18.102111886954376,17.489962531174157,17.97968101501465,15283100,0.0,0.0
2013-07-19 00:00:00-04:00,17.734823238676388,17.857252447003418,17.51619869925077,17.743568420410156,7419200,0.0,0.0
2013-07-22 00:00:00-04:00,17.673606822287695,17.831016756265015,17.559922796622324,17.813528060913086,4967700,0.0,0.0
2013-07-23 00:00:00-04:00,17.892229306753585,17.970934264710664,17.542430420262477,17.883485794067383,8767800,0.0,0.0
2013-07-24 00:00:00-04:00,18.43442193968354,18.924140463333533,18.119602054779214,18.18956184387207,17975400,0.0,0.0
2013-07-25 00:00:00-04:00,18.338223625948107,18.80170819589856,18.154579834894122,18.784217834472656,12557300,0.0,0.0
2013-07-26 00:00:00-04:00,18.60057710677873,19.230215210053416,18.495636588913143,19.15151023864746,8877900,0.0,0.0
2013-07-29 00:00:00-04:00,19.081541731474754,19.24769678052743,18.55684271781569,18.6442928314209,7833700,0.0,0.0
2013-07-30 00:00:00-04:00,18.78422036317861,18.801710726959044,18.346971276505144,18.530616760253906,7459800,0.0,0.0
2013-07-31 00:00:00-04:00,18.653051525849826,18.749246887317327,18.47815117190408,18.565601348876953,5684600,0.0,0.0
2013-08-01 00:00:00-04:00,18.827946537298516,19.282684326171875,18.714260839100486,19.282684326171875,9941900,0.0,0.0
2013-08-02 00:00:00-04:00,19.21272490243977,19.25645081333485,19.011590716241248,19.195236206054688,6716700,0.0,0.0
2013-08-05 00:00:00-04:00,19.107780502122942,19.203974142205468,18.862920476152258,18.985349655151367,4653900,0.0,0.0
2013-08-06 00:00:00-04:00,18.985354786259094,19.02033551426866,18.338226329838427,18.34697151184082,6922300,0.0,0.0
2013-08-07 00:00:00-04:00,18.37328042333284,18.496060755143446,17.98739722981249,18.39958953857422,5775400,0.06,0.0
2013-08-08 00:00:00-04:00,18.627606981442344,18.724078175389057,18.399585223867675,18.469745635986328,6645500,0.0,0.0
2013-08-09 00:00:00-04:00,18.496057816606076,18.50482807787869,18.01370515590622,18.040014266967773,6656700,0.0,0.0
2013-08-12 00:00:00-04:00,17.987395629258685,18.496059109327764,17.934775730701585,18.45220947265625,8250000,0.0,0.0
2013-08-13 00:00:00-04:00,18.53991783604677,18.68900901568771,16.25093188983347,17.145477294921875,71984800,0.0,0.0
2013-08-14 00:00:00-04:00,16.926214584396586,17.040226297458933,16.443861969072906,16.69819450378418,30584800,0.0,0.0
2013-08-15 00:00:00-04:00,16.733280001297217,17.320874284439093,16.6192699192354,17.127933502197266,17556800,0.0,0.0
2013-08-16 00:00:00-04:00,17.189318374212366,17.697981800312498,17.127928220283145,17.391029357910156,11501700,0.0,0.0
2013-08-19 00:00:00-04:00,17.338411365615848,17.355951889448814,16.6718865147709,16.77712631225586,8353200,0.0,0.0
2013-08-20 00:00:00-04:00,16.93498795285942,17.084079062318065,16.645575995999284,16.829748153686523,13639200,0.0,0.0
2013-08-21 00:00:00-04:00,16.899908743410947,17.338411814037553,16.81220779473433,17.154239654541016,12699800,0.0,0.0
2013-08-22 00:00:00-04:00,17.268249786059002,17.890923285602096,17.268249786059002,17.75937271118164,13194900,0.0,0.0
2013-08-23 00:00:00-04:00,17.785687536333423,17.926008403965678,17.583974825449957,17.645366668701172,6310900,0.0,0.0
2013-08-26 00:00:00-04:00,17.662906653530655,18.022479108956055,17.40857569194633,17.776918411254883,10372200,0.0,0.0
2013-08-27 00:00:00-04:00,17.206867458359852,17.241946846879582,16.531572083595044,16.759593963623047,19939000,0.0,0.0
2013-08-28 00:00:00-04:00,16.733276675429863,16.85605699674779,16.592955830278974,16.77712631225586,10242800,0.0,0.0
2013-08-29 00:00:00-04:00,17.206862621048334,17.540124245703804,16.952530016562463,17.224401473999023,12982100,0.0,0.0
2013-08-30 00:00:00-04:00,17.277022260521647,17.671674034336696,17.171780783850387,17.30333137512207,12920000,0.0,0.0
2013-09-03 00:00:00-04:00,17.58397366090752,17.934777479511986,17.16301108589005,17.399803161621094,16288300,0.0,0.0
2013-09-04 00:00:00-04:00,17.6892180145073,17.92601012870326,17.540126869208752,17.81199836730957,12499200,0.0,0.0
2013-09-05 00:00:00-04:00,17.829533129056305,18.18910547975849,17.715523077293593,17.75937271118164,9206400,0.0,0.0
2013-09-06 00:00:00-04:00,17.987405564015116,18.075106558553344,17.32088034738487,17.443660736083984,12276100,0.0,0.0
2013-09-09 00:00:00-04:00,18.285577097575562,19.109963280923015,18.206646416576532,19.08365249633789,48677200,0.0,0.0
2013-09-10 00:00:00-04:00,19.390603499367618,20.285148362101264,19.267821519967924,19.84664535522461,206372300,0.0,0.0
2013-09-11 00:00:00-04:00,19.671249663512626,19.916810333066277,19.557237918857055,19.662479400634766,27856100,0.0,0.0
2013-09-12 00:00:00-04:00,19.58354478567889,19.680015985259363,19.364293275909642,19.44322395324707,26098900,0.0,0.0
2013-09-13 00:00:00-04:00,19.469540819811275,19.811572746636145,19.42568950050245,19.706331253051758,15015300,0.0,0.0
2013-09-16 00:00:00-04:00,20.15359751147888,20.671031186145104,19.97819731484591,20.302688598632812,21517800,0.0,0.0
2013-09-17 00:00:00-04:00,20.749968308228944,20.793817952824586,20.23253447276812,20.451786041259766,14278100,0.0,0.0
2013-09-18 00:00:00-04:00,20.171148336003977,20.653501214066466,20.09221762173818,20.44301986694336,17592100,0.0,0.0
2013-09-19 00:00:00-04:00,20.451786053359264,20.688578148931946,20.241304748213565,20.565797805786133,9416200,0.0,0.0
2013-09-20 00:00:00-04:00,20.679802637923036,20.802582949913145,20.390390707691854,20.434240341186523,14547300,0.0,0.0
2013-09-23 00:00:00-04:00,20.443015777789295,20.6184177016853,20.293924644304706,20.451786041259766,9871500,0.0,0.0
2013-09-24 00:00:00-04:00,20.39039783631529,21.135853575635185,20.39039783631529,20.837671279907227,11199300,0.0,0.0
2013-09-25 00:00:00-04:00,20.872745240892193,20.90782628904217,20.34654290069412,20.881515502929688,11788300,0.0,0.0
2013-09-26 00:00:00-04:00,20.863976445898565,21.06568745250278,20.73242418938967,21.056917190551758,12969100,0.0,0.0
2013-09-27 00:00:00-04:00,20.50440790498042,21.004302933935644,20.258847195413164,20.671039581298828,16040400,0.0,0.0
2013-09-30 00:00:00-04:00,20.311466567947587,20.776280527304863,19.916813048421897,20.688579559326172,10827400,0.0,0.0
2013-10-01 00:00:00-04:00,20.767502940765393,21.241085324457785,20.723651635859273,21.232315063476562,15105900,0.0,0.0
2013-10-02 00:00:00-04:00,21.53050193731876,21.72344437543544,21.144620406598612,21.26740074157715,21639200,0.0,0.0
2013-10-03 00:00:00-04:00,21.477879114470475,21.662051264670975,20.960445383427885,21.521730422973633,16929500,0.0,0.0
2013-10-04 00:00:00-04:00,21.65328235503412,22.302266706596985,21.530500356314967,22.091785430908203,17398300,0.0,0.0
2013-10-07 00:00:00-04:00,21.881310594676282,22.004090956772018,21.75852855982357,21.793609619140625,8462700,0.0,0.0
2013-10-08 00:00:00-04:00,21.714672723212384,21.7672926244427,21.091997479753722,21.249858856201172,12505800,0.0,0.0
2013-10-09 00:00:00-04:00,21.30248179314622,21.53050193731876,20.80258684482659,21.26740074157715,10944400,0.0,0.0
2013-10-10 00:00:00-04:00,21.609436269262186,21.87253918206256,21.381414413937954,21.495426177978516,12480400,0.0,0.0
2013-10-11 00:00:00-04:00,21.556811957703605,21.740984126364058,21.197239555718934,21.398950576782227,12404400,0.0,0.0
2013-10-14 00:00:00-04:00,21.223547761547,21.35509833872576,20.846434880279904,21.144617080688477,18373500,0.0,0.0
2013-10-15 00:00:00-04:00,21.135851428910467,21.284942561631567,20.899059334690474,21.065690994262695,11664000,0.0,0.0
2013-10-16 00:00:00-04:00,21.206009276543796,21.495421243253798,20.9429064241442,21.41649055480957,10759400,0.0,0.0
2013-10-17 00:00:00-04:00,21.381408015170145,21.837451589339434,21.381408015170145,21.740982055664062,12646400,0.0,0.0
2013-10-18 00:00:00-04:00,21.898844577153685,22.083016752059713,21.767293979510296,21.93392562866211,11466700,0.0,0.0
2013-10-21 00:00:00-04:00,22.100553552988107,22.126862664428685,21.451567591515108,21.65328025817871,12851900,0.0,0.0
2013-10-22 00:00:00-04:00,22.416275260163943,23.01263967081765,22.153174101466774,22.35488510131836,22623200,0.0,0.0
2013-10-23 00:00:00-04:00,22.31104145618335,22.758314884264163,22.179490841514127,22.460132598876953,12626900,0.0,0.0
2013-10-24 00:00:00-04:00,22.670607653349528,23.21435048982279,22.512746290258463,23.082799911499023,18251900,0.0,0.0
2013-10-25 00:00:00-04:00,23.06525966079265,23.39852291408984,22.846008136744214,23.07402992248535,13052800,0.0,0.0
2013-10-28 00:00:00-04:00,23.170510143315138,23.18805067352505,22.784626842482226,22.92494773864746,9529800,0.0,0.0
2013-10-29 00:00:00-04:00,23.100343430510808,23.407295934911843,23.01264247600243,23.109113693237305,9611200,0.0,0.0
2013-10-30 00:00:00-04:00,23.319590936222205,23.433600986381393,22.802157234390535,23.223119735717773,12238300,0.0,0.0
2013-10-31 00:00:00-04:00,23.21435818267745,23.345910477351833,23.030187646544377,23.135427474975586,10144300,0.0,0.0
2013-11-01 00:00:00-04:00,23.20558415516872,23.62654841890081,22.84601173294928,23.416067123413086,13682300,0.0,0.0
2013-11-04 00:00:00-05:00,23.846769568553977,24.426898954749507,23.741292717627022,24.11925506591797,17463300,0.06,0.0
2013-11-05 00:00:00-05:00,24.34778831976975,24.35657665946428,23.837979114754443,24.136831283569336,13766200,0.0,0.0
2013-11-06 00:00:00-05:00,24.31263188289716,24.347791953018643,23.53033876446281,23.627025604248047,13371800,0.0,0.0
2013-11-07 00:00:00-05:00,23.74128909129187,24.075301303574687,23.380906832043017,23.45122528076172,13309400,0.0,0.0
2013-11-08 00:00:00-05:00,23.416073046172595,24.286264768669593,23.39849468550949,23.635818481445312,17707900,0.0,0.0
2013-11-11 00:00:00-05:00,23.899506607763616,24.224728812388772,23.846766512534586,24.145620346069336,7869200,0.0,0.0
2013-11-12 00:00:00-05:00,24.119255070549148,25.024605026697344,24.110465053549493,24.716962814331055,29670200,0.0,0.0
2013-11-13 00:00:00-05:00,24.708167006219497,24.804853817505553,24.242306273572417,24.42689323425293,11977300,0.0,0.0
2013-11-14 00:00:00-05:00,24.514790540233825,24.778485964327352,24.330205252239924,24.558740615844727,10551900,0.0,0.0
2013-11-15 00:00:00-05:00,24.62027430385918,24.778491256804312,24.426898959439754,24.716962814331055,10508100,0.0,0.0
2013-11-18 00:00:00-05:00,24.848809716277223,25.226772064640745,24.655432695333477,24.716962814331055,13631800,0.0,0.0
2013-11-19 00:00:00-05:00,24.752117107069875,25.2707162885037,24.46205330021062,24.479633331298828,13900000,0.0,0.0
2013-11-20 00:00:00-05:00,24.602690420113063,24.681798884207,24.10167126520083,24.35657501220703,12442400,0.0,0.0
2013-11-21 00:00:00-05:00,24.47963193745854,24.725745652583864,24.365363418415544,24.646638870239258,8489000,0.0,0.0
2013-11-22 00:00:00-05:00,24.83122639114238,25.402564008200127,24.83122639114238,25.138870239257812,14684400,0.0,0.0
2013-11-25 00:00:00-05:00,25.49046374726591,25.83326599910347,25.24434832132981,25.639890670776367,14535700,0.0,0.0
2013-11-26 00:00:00-05:00,25.64868402696063,25.70142245491293,25.261931643420183,25.52562713623047,10968300,0.0,0.0
2013-11-27 00:00:00-05:00,25.639885469473157,25.859630802027255,25.490458576275415,25.7893123626709,9180300,0.0,0.0
2013-11-29 00:00:00-05:00,25.859635550222396,25.877215582420387,25.367406384347646,25.472883224487305,5589100,0.0,0.0
2013-12-02 00:00:00-05:00,25.49046516418457,25.859637485347523,25.411356689897918,25.49046516418457,8905300,0.0,0.0
2013-12-03 00:00:00-05:00,25.446512544654137,25.464090898733584,24.470842640975114,24.655427932739258,17541900,0.0,0.0
2013-12-04 00:00:00-05:00,24.602688948939623,24.620268979136828,23.996191319327686,24.2686767578125,15919100,0.0,0.0
2013-12-05 00:00:00-05:00,24.286255176629023,24.620269045176027,24.2774668380308,24.558740615844727,13599600,0.0,0.0
2013-12-06 00:00:00-05:00,24.936708695091504,25.209192521286838,24.708173278225484,24.813650131225586,11333300,0.0,0.0
2013-12-09 00:00:00-05:00,24.840017379208998,25.446515083343407,24.787278958661187,25.384984970092773,11504500,0.0,0.0
2013-12-10 00:00:00-05:00,25.34103989537281,25.595945368474467,25.112504474271994,25.288301467895508,10638500,0.0,0.0
2013-12-11 00:00:00-05:00,25.358618220553076,25.534413525801416,24.30383968296597,24.31262969970703,16735900,0.0,0.0
2013-12-12 00:00:00-05:00,24.40931752488048,24.98065518488116,24.391737491889877,24.79606819152832,11555900,0.0,0.0
2013-12-13 00:00:00-05:00,24.96307491568092,25.297088833244846,24.831228022547453,24.93670654296875,11055000,0.0,0.0
2013-12-16 00:00:00-05:00,25.200392711718003,25.2882911727453,24.45325830777153,24.541156768798828,11246400,0.0,0.0
2013-12-17 00:00:00-05:00,24.56753339555024,24.576321735137412,23.6446018221514,23.67976188659668,17570900,0.0,0.0
2013-12-18 00:00:00-05:00,23.60944203301971,23.934664227216015,23.20510969851668,23.829187393188477,16441500,0.0,0.0
2013-12-19 00:00:00-05:00,24.075301896827362,24.365365714505135,24.004983446375906,24.1807804107666,11138500,0.0,0.0
2013-12-20 00:00:00-05:00,24.22472476782189,24.532368565863845,24.013769451699247,24.21593475341797,18881100,0.0,0.0
2013-12-23 00:00:00-05:00,24.409317484378345,24.51479432909848,24.136832003048863,24.2335205078125,7464900,0.0,0.0
2013-12-24 00:00:00-05:00,24.180778565902738,24.54116080653673,24.180778565902738,24.470842361450195,4899200,0.0,0.0
2013-12-26 00:00:00-05:00,24.488422165082955,24.593898993474028,24.251096786417108,24.506000518798828,6127500,0.0,0.0
2013-12-27 00:00:00-05:00,24.488421740869267,24.514790109248274,23.609440362391823,23.758867263793945,9960200,0.0,0.0
2013-12-30 00:00:00-05:00,23.679760257144935,24.066510880285048,23.635810179612626,23.899505615234375,7570900,0.0,0.0
2013-12-31 00:00:00-05:00,23.93466499472553,24.30383727870821,23.90829662363512,24.145620346069336,9152400,0.0,0.0
2014-01-02 00:00:00-05:00,23.96103365635241,24.65542810479411,23.96103365635241,24.34778594970703,11703400,0.0,0.0
2014-01-03 00:00:00-05:00,24.93670405875416,25.806895478574898,24.822435533304265,25.692626953125,19087100,0.0,0.0
2014-01-06 00:00:00-05:00,25.86842199818619,26.19364416636911,25.534408138592802,25.745365142822266,15782700,0.0,0.0
2014-01-07 00:00:00-05:00,25.87721043596589,26.07058572211292,25.13007598138265,25.297082901000977,13041100,0.0,0.0
2014-01-08 00:00:00-05:00,25.288292010633146,26.457337054416676,25.14765513893917,26.193641662597656,17910500,0.0,0.0
2014-01-09 00:00:00-05:00,26.844088024482065,27.75822764740294,26.72102951015765,27.301156997680664,18690400,0.0,0.0
2014-01-10 00:00:00-05:00,27.415434854905048,27.670338631133877,26.949574032558516,27.661548614501953,13196400,0.0,0.0
2014-01-13 00:00:00-05:00,27.925242830262686,27.934032846500006,27.13415981066959,27.17810821533203,15114200,0.0,0.0
2014-01-14 00:00:00-05:00,27.318744755658088,28.188936233191146,27.2660063354657,28.13619613647461,14279900,0.0,0.0
2014-01-15 00:00:00-05:00,28.391102250406956,28.391102250406956,27.318745406164943,27.687917709350586,18087100,0.0,0.0
2014-01-16 00:00:00-05:00,27.65275361265594,27.890078989360358,27.53848677008934,27.75823211669922,7461700,0.0,0.0
2014-01-17 00:00:00-05:00,27.485746812903766,27.59122363450019,27.142942951405768,27.30994987487793,15822000,0.0,0.0
2014-01-21 00:00:00-05:00,28.470213165028817,28.698750256147445,27.819766989579374,28.197731018066406,17955300,0.0,0.0
2014-01-22 00:00:00-05:00,28.461420599807752,28.936068039660235,28.373520442021608,28.865751266479492,11534900,0.0,0.0
2014-01-23 00:00:00-05:00,28.61084292915005,28.73389978448932,28.215300641953945,28.56689453125,13397300,0.0,0.0
2014-01-24 00:00:00-05:00,28.153767232911854,28.399884253091635,27.213257601458505,27.34510612487793,14874200,0.0,0.0
2014-01-27 00:00:00-05:00,27.441801967474937,27.767025861816897,26.07059128985504,26.888044357299805,19140400,0.0,0.0
2014-01-28 00:00:00-05:00,26.879254369484475,27.69670743779333,26.844095981059194,27.1605281829834,11917500,0.0,0.0
2014-01-29 00:00:00-05:00,26.756202260026875,27.50333700801278,26.176074497243576,26.299131393432617,16374700,0.0,0.0
2014-01-30 00:00:00-05:00,26.764986533588537,27.134158819449212,26.615559616061027,26.879253387451172,10021000,0.0,0.0
2014-01-31 00:00:00-05:00,26.536455853047542,27.107793576681164,26.369448874084835,26.905628204345703,11438800,0.0,0.0
2014-02-03 00:00:00-05:00,26.93198917681342,27.072626064693075,25.68383553948851,25.824472427368164,16778900,0.0,0.0
2014-02-04 00:00:00-05:00,26.36944221138277,26.395812257142786,25.718996171351538,26.31670379638672,14439900,0.0,0.0
2014-02-05 00:00:00-05:00,26.070588178088048,26.457340463339857,25.595939094095165,26.387022018432617,13892600,0.0,0.0
2014-02-06 00:00:00-05:00,26.37823610619114,27.547281482437764,26.202439128317145,27.1517391204834,9460400,0.0,0.0
2014-02-07 00:00:00-05:00,27.538481829247385,27.99555247055594,27.31873652206331,27.81975555419922,12866200,0.0,0.0
2014-02-10 00:00:00-05:00,27.907660886481402,27.951609288133955,27.186896369625575,27.43301010131836,10751100,0.0,0.0
2014-02-11 00:00:00-05:00,27.51212001689085,27.63517856575315,26.914414010873998,27.608808517456055,12510900,0.0,0.0
2014-02-12 00:00:00-05:00,27.69670770071495,27.69670770071495,27.055051598013844,27.362693786621094,9535200,0.0,0.0
2014-02-13 00:00:00-05:00,27.06384115776692,27.687917217298235,26.747407281652922,27.55607032775879,8717700,0.0,0.0
2014-02-14 00:00:00-05:00,27.415434371154873,27.793396697037192,27.19568898880694,27.54728126525879,7007600,0.0,0.0
2014-02-18 00:00:00-05:00,27.56486054715334,27.767025891039232,27.17810821533203,27.17810821533203,10427800,0.0,0.0
2014-02-19 00:00:00-05:00,27.142879215001365,27.336632187740705,26.80821758539006,26.922706604003906,10555900,0.06,0.0
2014-02-20 00:00:00-05:00,26.93151149461208,28.085215410994802,26.905090178743688,28.041181564331055,12151100,0.0,0.0
2014-02-21 00:00:00-05:00,28.076415573842418,28.349429189356524,27.926698104731326,27.970733642578125,9632100,0.0,0.0
2014-02-24 00:00:00-05:00,28.11164259585713,28.825001475399187,28.041187418615742,28.57840919494629,11241100,0.0,0.0
2014-02-25 00:00:00-05:00,28.72812037265571,29.503128877888035,28.72812037265571,29.274150848388672,15329800,0.0,0.0
2014-02-26 00:00:00-05:00,29.46790043163066,29.723301457861027,29.142045919289995,29.511934280395508,11732700,0.0,0.0
2014-02-27 00:00:00-05:00,29.406262109530097,29.899450113893995,29.309385594425724,29.344614028930664,10851800,0.0,0.0
2014-02-28 00:00:00-05:00,29.001137993928463,29.45909745013108,28.76335115938667,29.247730255126953,10860700,0.0,0.0
2014-03-03 00:00:00-05:00,28.525567145955307,28.825002075410126,28.094028966396063,28.701705932617188,14410000,0.0,0.0
2014-03-04 00:00:00-05:00,29.503124369869052,30.57756758616148,29.494318945281467,30.339780807495117,13583500,0.0,0.0
2014-03-05 00:00:00-05:00,30.692061116894372,30.956270941943377,30.480697288336145,30.577573776245117,11323000,0.0,0.0
2014-03-06 00:00:00-05:00,30.877010597784555,31.334970067730648,30.85058759788633,31.150022506713867,12030900,0.0,0.0
2014-03-07 00:00:00-05:00,31.458263465383627,31.572750803234793,30.648026516866132,31.14121437072754,11828800,0.0,0.0
2014-03-10 00:00:00-04:00,31.12360563739565,31.546336718159377,30.568769624082254,30.973886489868164,10695400,0.0,0.0
2014-03-11 00:00:00-04:00,30.87700162171974,31.22047028443971,30.62160064087838,30.75370216369629,9975900,0.0,0.0
2014-03-12 00:00:00-04:00,30.471889191389376,30.683256384294246,30.12842044254058,30.383821487426758,9953500,0.0,0.0
2014-03-13 00:00:00-04:00,30.61279907515993,30.63041328760226,29.31818637654002,29.57358741760254,13340700,0.0,0.0
2014-03-14 00:00:00-04:00,29.494321771136256,30.49830824865289,29.28295460554833,30.04915428161621,11883800,0.0,0.0
2014-03-17 00:00:00-04:00,30.454276954534784,30.454276954534784,29.72330227850078,30.119613647460938,9175600,0.0,0.0
2014-03-18 00:00:00-04:00,30.37501680249934,30.454279081828002,29.987510832640258,30.005125045776367,8857900,0.0,0.0
2014-03-19 00:00:00-04:00,30.031539145854566,30.22529209504299,29.353410542829128,29.705684661865234,9846200,0.0,0.0
2014-03-20 00:00:00-04:00,29.767337036755208,29.864213525408896,29.32699180437845,29.626426696777344,7001400,0.0,0.0
2014-03-21 00:00:00-04:00,30.005122241526895,30.005122241526895,28.824996948242188,28.824996948242188,22078800,0.0,0.0
2014-03-24 00:00:00-04:00,29.159669787132362,29.529558270728966,28.640062136673972,29.344614028930664,11289700,0.0,0.0
2014-03-25 00:00:00-04:00,29.46790506895791,30.392629476811734,29.46790506895791,30.322175979614258,11544300,0.0,0.0
2014-03-26 00:00:00-04:00,30.383814832163427,30.427848674499575,29.86420742963651,29.908241271972656,12058800,0.0,0.0
2014-03-27 00:00:00-04:00,29.855409724872068,30.198878487300163,29.036367279281524,30.057968139648438,11952200,0.0,0.0
2014-03-28 00:00:00-04:00,30.066776163758178,30.551155315679058,29.511940152141474,29.52955436706543,10434900,0.0,0.0
2014-03-31 00:00:00-04:00,29.723298014816216,30.744898641831668,29.723298014816216,30.515920639038086,10215900,0.0,0.0
2014-04-01 00:00:00-04:00,30.762523671799794,31.5111093561025,30.753714884228362,31.484689712524414,11630500,0.0,0.0
2014-04-02 00:00:00-04:00,31.62560089092667,32.16282272128517,31.290937505535307,31.440656661987305,12018200,0.0,0.0
2014-04-03 00:00:00-04:00,31.467071628950986,31.766506537778522,30.797748317225274,31.150022506713867,8904100,0.0,0.0
2014-04-04 00:00:00-04:00,31.4318396233347,31.440648408820376,30.366205030144652,30.480695724487305,9353600,0.0,0.0
2014-04-07 00:00:00-04:00,30.392623629881935,31.15001789656246,29.670457784806832,29.934667587280273,13775500,0.0,0.0
2014-04-08 00:00:00-04:00,29.85540636372289,30.190066301989603,28.543176169299556,29.511934280395508,16158400,0.0,0.0
2014-04-09 00:00:00-04:00,29.705680261652816,30.665632721106125,29.441473871620072,30.58637046813965,9554000,0.0,0.0
2014-04-10 00:00:00-04:00,30.912231579681656,30.947460001845045,29.06278309047813,29.07158851623535,14715400,0.0,0.0
2014-04-11 00:00:00-04:00,28.957103811872003,29.81137128968533,28.41988208360434,28.64005470275879,12681600,0.0,0.0
2014-04-14 00:00:00-04:00,28.93949636871477,29.062792526751874,27.4159002111309,27.94431495666504,15615700,0.0,0.0
2014-04-15 00:00:00-04:00,28.005958205625817,28.560794180671135,26.89628961510294,28.102834701538086,19269200,0.0,0.0
2014-04-16 00:00:00-04:00,28.375845875652814,29.70568690671984,28.331808667824273,29.608810424804688,14163400,0.0,0.0
2014-04-17 00:00:00-04:00,29.600011311565307,29.837798174368015,28.957107583054878,29.732112884521484,13151800,0.0,0.0
2014-04-21 00:00:00-04:00,29.573588776911187,30.01393402950676,29.28295929760563,29.890634536743164,8893100,0.0,0.0
2014-04-22 00:00:00-04:00,30.10200210069324,31.0443406838928,30.093193314176776,30.780134201049805,14105200,0.0,0.0
2014-04-23 00:00:00-04:00,32.47106099122394,32.94663471434227,31.70486112146751,32.66481399536133,22024400,0.0,0.0
2014-04-24 00:00:00-04:00,32.717650976185894,32.99947164638026,31.995485088866914,32.34775924682617,16534100,0.0,0.0
2014-04-25 00:00:00-04:00,32.14520531045629,32.24208180919674,31.51110703474996,31.766508102416992,10323800,0.0,0.0
2014-04-28 00:00:00-04:00,31.880996795376458,32.29491904617509,30.938658228448354,31.563947677612305,12646300,0.0,0.0
2014-04-29 00:00:00-04:00,31.722476687703814,32.365380440239306,31.590371750242937,32.35657501220703,10035400,0.0,0.0
2014-04-30 00:00:00-04:00,32.4182149513855,32.74406945989217,31.969060964393762,32.435829162597656,11962800,0.0,0.0
2014-05-01 00:00:00-04:00,32.58555265582376,33.05231760529134,32.55913301251596,32.69123458862305,11867300,0.0,0.0
2014-05-02 00:00:00-04:00,32.68241169058665,32.99946067907657,32.1980327846454,32.78809356689453,9365600,0.0,0.0
2014-05-05 00:00:00-04:00,32.59435730469134,33.20203596279113,32.259697298897706,33.06993103027344,8766600,0.0,0.0
2014-05-06 00:00:00-04:00,33.86254478156618,34.188399271851544,32.990659852939075,33.19321823120117,13277500,0.0,0.0
2014-05-07 00:00:00-04:00,33.351995619609134,33.748935468894956,32.91094835158167,33.73129653930664,10513500,0.06,0.0
2014-05-08 00:00:00-04:00,33.58134079215604,34.031210917681975,33.07854714474975,33.254966735839844,11164100,0.0,0.0
2014-05-09 00:00:00-04:00,33.36081589580681,33.36081589580681,32.59339457295237,33.22850036621094,9852300,0.0,0.0
2014-05-12 00:00:00-04:00,33.31671237767602,34.128237768495524,33.2902506173,34.09295654296875,8269600,0.0,0.0
2014-05-13 00:00:00-04:00,33.97829839166112,34.49873455462893,33.84598280118997,34.2076416015625,6636500,0.0,0.0
2014-05-14 00:00:00-04:00,34.08413826936041,34.278200177857286,33.687194986036886,33.907718658447266,8417700,0.0,0.0
2014-05-15 00:00:00-04:00,33.59016565514492,33.83715107866321,32.928594672214615,33.63426971435547,11211400,0.0,0.0
2014-05-16 00:00:00-04:00,33.55488403915633,33.68719622852813,32.999163422006646,33.3961067199707,9214000,0.0,0.0
2014-05-19 00:00:00-04:00,33.23733047790033,34.15470982627451,33.16676128267565,33.863616943359375,6850400,0.0,0.0
2014-05-20 00:00:00-04:00,33.872437875581554,33.9165419376613,33.052089534186074,33.36964416503906,9062800,0.0,0.0
2014-05-21 00:00:00-04:00,33.52840719768102,33.93417318548811,33.49312597846039,33.81949996948242,6500300,0.0,0.0
2014-05-22 00:00:00-04:00,33.84596331066272,34.26936824545321,33.77539750399263,34.07530975341797,6668400,0.0,0.0
2014-05-23 00:00:00-04:00,34.19880366525957,34.886836288353706,34.09295326899665,34.54281997680664,7091300,0.0,0.0
2014-05-27 00:00:00-04:00,34.89566846149026,34.9309496930761,34.683964247353586,34.807456970214844,7278500,0.0,0.0
2014-05-28 00:00:00-04:00,34.860386308678905,35.89243559201508,34.833924541903485,35.52195739746094,9579300,0.0,0.0
2014-05-29 00:00:00-04:00,35.56606111188993,35.85715400323817,34.9662363948007,35.407283782958984,9408900,0.0,0.0
2014-05-30 00:00:00-04:00,35.40727281138768,35.76011195855065,34.99268731820971,35.20439147949219,7947700,0.0,0.0
2014-06-02 00:00:00-04:00,35.40727689339745,36.12177473455943,35.07208000144102,35.96299743652344,10306700,0.0,0.0
2014-06-03 00:00:00-04:00,36.02474055627718,36.50989187232097,35.87478273718084,36.29819107055664,11273200,0.0,0.0
2014-06-04 00:00:00-04:00,36.42168852127085,37.35670668684059,35.96299890432622,37.19792938232422,13825900,0.0,0.0
2014-06-05 00:00:00-04:00,37.4625627084955,37.6301594888823,36.589287481392404,36.606929779052734,15651100,0.0,0.0
2014-06-06 00:00:00-04:00,36.84509178444481,37.286139083710474,36.80980719292183,37.2508544921875,8466700,0.0,0.0
2014-06-09 00:00:00-04:00,37.35670888161933,37.46256266746537,36.67749892952375,36.93330383300781,9511500,0.0,0.0
2014-06-10 00:00:00-04:00,36.92447821421785,37.065613206905496,36.39521946794646,36.97740173339844,7033800,0.0,0.0
2014-06-11 00:00:00-04:00,36.16588826600594,36.23645746803032,35.17794299213788,35.91007995605469,23352200,0.0,0.0
2014-06-12 00:00:00-04:00,35.125004482828984,35.15146624238091,33.607800789943944,33.96063995361328,36333100,0.0,0.0
2014-06-13 00:00:00-04:00,33.969471120060064,34.95741977268653,33.94300935139277,34.6134033203125,19864000,0.0,0.0
2014-06-16 00:00:00-04:00,34.048854868524685,34.52518682522121,33.74012306229045,34.26055908203125,14132500,0.0,0.0
2014-06-17 00:00:00-04:00,34.51636868979872,35.08972826133607,34.42815719538373,34.83392333984375,11030800,0.0,0.0
2014-06-18 00:00:00-04:00,34.75452359040479,35.12500165398936,34.410503919317634,35.063255310058594,10161400,0.0,0.0
2014-06-19 00:00:00-04:00,35.13383559495122,35.583702438002135,34.77217351622525,34.94859313964844,10209500,0.0,0.0
2014-06-20 00:00:00-04:00,35.063264927786825,35.25732684189878,34.76335259003394,34.90448760986328,11776100,0.0,0.0
2014-06-23 00:00:00-04:00,34.76335612434783,34.99269929304071,34.022396353680975,34.463443756103516,13342100,0.0,0.0
2014-06-24 00:00:00-04:00,34.30465846110322,34.72806346538014,34.00474616245827,34.02238845825195,8813100,0.0,0.0
2014-06-25 00:00:00-04:00,33.969459155149295,34.84273422775304,33.554877010713966,34.710418701171875,8944000,0.0,0.0
2014-06-26 00:00:00-04:00,34.648686128622366,34.860390382338416,34.269385057536276,34.66632843017578,10651000,0.0,0.0
2014-06-27 00:00:00-04:00,34.631037443892396,34.76335299869221,34.33994793422688,34.692787170410156,17022700,0.0,0.0
2014-06-30 00:00:00-04:00,34.560460048571954,34.692775559087096,34.04884366383149,34.15469741821289,11834400,0.0,0.0
2014-07-01 00:00:00-04:00,34.40169423276655,35.64544765889268,34.31348610634458,35.5572395324707,13673700,0.0,0.0
2014-07-02 00:00:00-04:00,34.36640231711812,34.40168690614199,33.546054129393156,33.73129653930664,29005300,0.0,0.0
2014-07-03 00:00:00-04:00,33.828323568017055,34.36640176474985,33.775400050255506,34.04884719848633,8751600,0.0,0.0
2014-07-07 00:00:00-04:00,33.898897238670344,33.960643594193144,32.3816933831411,32.549293518066406,19850000,0.0,0.0
2014-07-08 00:00:00-04:00,31.402568340564628,32.40815907279323,30.670431527408756,32.14352798461914,43293800,0.0,0.0
2014-07-09 00:00:00-04:00,33.140296922152565,33.369643423751256,32.26702507163033,32.60221862792969,15679900,0.0,0.0
2014-07-10 00:00:00-04:00,31.931820982310278,33.246139878640875,31.82597058644687,33.03443908691406,16116000,0.0,0.0
2014-07-11 00:00:00-04:00,33.16674797759569,33.41373669687631,32.699239024012314,32.84037399291992,11699500,0.0,0.0
2014-07-14 00:00:00-04:00,33.14911397554749,33.29906843013578,32.902125219573286,32.972694396972656,8388500,0.0,0.0
2014-07-15 00:00:00-04:00,33.15793067681158,33.69600883240471,33.09618433419499,33.546051025390625,12018900,0.0,0.0
2014-07-16 00:00:00-04:00,33.81068470890202,33.88125052103843,33.28142597572291,33.4049186706543,9148100,0.0,0.0
2014-07-17 00:00:00-04:00,33.166754104291016,33.475489219191815,32.143524549465035,32.25819778442383,16479000,0.0,0.0
2014-07-18 00:00:00-04:00,32.59339474700957,33.22850054365976,32.51400610181283,32.7962760925293,10546500,0.0,0.0
2014-07-21 00:00:00-04:00,32.655140305111864,32.83155988626148,32.27583938336346,32.769813537597656,6598100,0.0,0.0
2014-07-22 00:00:00-04:00,33.02563095421891,33.42257432150187,32.96388458207766,33.237335205078125,10255600,0.0,0.0
2014-07-23 00:00:00-04:00,33.3255285308281,34.66631255038274,33.307886237356186,34.534000396728516,18509000,0.0,0.0
2014-07-24 00:00:00-04:00,34.83391290103052,35.06325598793245,33.466663749184974,33.581336975097656,14606000,0.0,0.0
2014-07-25 00:00:00-04:00,33.598986788268675,34.331123629281194,33.44020947529262,33.57252502441406,10057700,0.0,0.0
2014-07-28 00:00:00-04:00,33.84597213678546,33.98710715185319,33.36082073279792,33.68719482421875,10621800,0.0,0.0
2014-07-29 00:00:00-04:00,33.740129015328236,34.06650317734982,33.202050602447436,33.237335205078125,11423000,0.0,0.0
2014-07-30 00:00:00-04:00,33.36082525992138,33.63427586087716,33.07855519148137,33.37846755981445,10040400,0.0,0.0
2014-07-31 00:00:00-04:00,33.025620186126424,33.48430977599366,32.4875453136113,33.04326248168945,10679600,0.0,0.0
2014-08-01 00:00:00-04:00,32.97270451280845,33.29907864610127,32.549299413284736,33.14912414550781,10073500,0.0,0.0
2014-08-04 00:00:00-04:00,33.20203790983261,33.51959248226289,32.15234661978689,32.884483337402344,11250600,0.0,0.0
2014-08-05 00:00:00-04:00,32.64632093063802,32.831563361159205,31.640733586054413,31.958288192749023,16393800,0.0,0.0
2014-08-06 00:00:00-04:00,31.631107604248534,32.12631206246515,31.25970341725997,31.85218048095703,12689800,0.09,0.0
2014-08-07 00:00:00-04:00,32.152842715175254,32.47118822693813,31.144750843462617,31.4896240234375,11838000,0.0,0.0
2014-08-08 00:00:00-04:00,31.40118297182417,32.08208768614412,30.587636584825987,32.04671859741211,13959300,0.0,0.0
2014-08-11 00:00:00-04:00,32.71878797217278,32.939860863876646,32.126314241592624,32.44465637207031,10172900,0.0,0.0
2014-08-12 00:00:00-04:00,32.488870508482286,32.559612072870806,32.0378799639513,32.28548049926758,6490000,0.0,0.0
2014-08-13 00:00:00-04:00,32.44464800900196,33.160925207881554,32.33853399286179,32.95753860473633,7328900,0.0,0.0
2014-08-14 00:00:00-04:00,33.06365844025706,33.97447760015204,32.04672524554527,33.95679473876953,9026000,0.0,0.0
2014-08-15 00:00:00-04:00,34.06289776894247,34.160170341642335,33.435051820265684,34.071739196777344,10294100,0.0,0.0
2014-08-18 00:00:00-04:00,34.416611116806045,35.17710207156417,34.319341920551324,34.9383430480957,9095000,0.0,0.0
2014-08-19 00:00:00-04:00,35.13289221138156,35.283223483363734,34.78801915130369,34.96487808227539,7092700,0.0,0.0
2014-08-20 00:00:00-04:00,35.035629647425935,35.919921181801286,35.01794341194189,35.83149337768555,9484200,0.0,0.0
2014-08-21 00:00:00-04:00,35.91106535259184,36.05255180643239,35.26553319611291,35.29206085205078,8285700,0.0,0.0
2014-08-22 00:00:00-04:00,35.327441554640934,35.902228931709566,35.2920690895987,35.734214782714844,6735700,0.0,0.0
2014-08-25 00:00:00-04:00,35.99950755482725,36.05256626127938,35.575048023123614,35.83149337768555,5645700,0.0,0.0
2014-08-26 00:00:00-04:00,35.85801336342465,35.99065841449,35.26553978148796,35.283226013183594,7258900,0.0,0.0
2014-08-27 00:00:00-04:00,35.415865236450195,35.66346908972509,35.23900630505485,35.51313781738281,7529000,0.0,0.0
2014-08-28 00:00:00-04:00,35.29207359439779,35.48661880365856,34.97372811499085,35.27438735961914,5722800,0.0,0.0
2014-08-29 00:00:00-04:00,35.37165635728233,35.41587025306813,34.752651696369085,35.0002555847168,6721900,0.0,0.0
2014-09-02 00:00:00-04:00,35.19478840976916,36.22941084802707,35.1505745252785,36.19403839111328,11664100,0.0,0.0
2014-09-03 00:00:00-04:00,34.920666806965066,35.194794965853646,33.93025806870453,34.328189849853516,24332900,0.0,0.0
2014-09-04 00:00:00-04:00,34.68192385188913,34.92952446484041,34.32820579912557,34.74382400512695,12810300,0.0,0.0
2014-09-05 00:00:00-04:00,34.734962975630054,35.02678073886319,34.23976198100962,34.681907653808594,10321800,0.0,0.0
2014-09-08 00:00:00-04:00,34.858763884617034,35.194795546834776,34.50504936365968,34.522735595703125,9095800,0.0,0.0
2014-09-09 00:00:00-04:00,34.337034652381156,34.86760811171061,33.85951651500237,34.328189849853516,9508600,0.0,0.0
2014-09-10 00:00:00-04:00,34.451992301767746,34.973724365234375,34.222078020904625,34.973724365234375,9198600,0.0,0.0
2014-09-11 00:00:00-04:00,35.106370910303234,35.36281623799034,34.62001129202695,34.98257064819336,9353400,0.0,0.0
2014-09-12 00:00:00-04:00,34.867608467090605,35.336281806718596,34.75264964618614,35.0975227355957,8266700,0.0,0.0
2014-09-15 00:00:00-04:00,35.05331742452696,35.23901784531966,34.620016442677326,34.66423034667969,6750500,0.0,0.0
2014-09-16 00:00:00-04:00,34.61115772377728,35.017930874358555,34.13363965658886,34.94718933105469,7581500,0.0,0.0
2014-09-17 00:00:00-04:00,34.947205490432815,35.292078685101764,34.275141965119865,34.4343147277832,10551900,0.0,0.0
2014-09-18 00:00:00-04:00,34.5846351939525,34.97372217306501,34.487362605848425,34.87644958496094,6511400,0.0,0.0
2014-09-19 00:00:00-04:00,35.035615101450524,35.08867378587393,34.169010162353516,34.169010162353516,10491000,0.0,0.0
2014-09-22 00:00:00-04:00,34.16902065722179,34.29282091893136,33.470429610941665,33.558860778808594,8181900,0.0,0.0
2014-09-23 00:00:00-04:00,33.355466228150824,33.7710808118201,32.780675580137796,33.3377799987793,11913900,0.0,0.0
2014-09-24 00:00:00-04:00,33.40852796374959,33.62075938369338,33.1255549860272,33.30241394042969,11253000,0.0,0.0
2014-09-25 00:00:00-04:00,33.08134764777242,33.152092592877295,32.22358374155141,32.418128967285156,14536800,0.0,0.0
2014-09-26 00:00:00-04:00,32.18820894196878,32.48002335558621,31.94944985447958,32.2943229675293,15665300,0.0,0.0
2014-09-29 00:00:00-04:00,31.869860377870886,32.14398853155823,31.60457365323964,31.834487915039062,9684100,0.0,0.0
2014-09-30 00:00:00-04:00,31.84332705001849,32.30315891379357,31.109367052304982,31.967130661010742,15101800,0.0,0.0
2014-10-01 00:00:00-04:00,31.259697121826616,31.295069584569323,30.322350472270923,30.86176872253418,24756500,0.0,0.0
2014-10-02 00:00:00-04:00,31.24201122134556,31.82564330655001,30.437302952179927,31.19779396057129,19361100,0.0,0.0
2014-10-03 00:00:00-04:00,31.80795557481699,32.842574660651486,31.799110773758464,32.674560546875,15957100,0.0,0.0
2014-10-06 00:00:00-04:00,33.00176235476561,33.00176235476561,31.89639785099317,31.93177032470703,11973500,0.0,0.0
2014-10-07 00:00:00-04:00,31.52499659311803,31.67532454451929,30.976733377490007,31.18896484375,16028000,0.0,0.0
2014-10-08 00:00:00-04:00,31.55151912313635,31.604577824386737,29.995164286166773,30.78218650817871,25258700,0.0,0.0
2014-10-09 00:00:00-04:00,31.40118339288732,31.78142893161026,29.721031903308063,29.809459686279297,28211700,0.0,0.0
2014-10-10 00:00:00-04:00,29.89788948966043,30.172017628449034,28.92516705447457,29.102025985717773,24808300,0.0,0.0
2014-10-13 00:00:00-04:00,29.44690306577337,29.455747868859774,26.634857819060127,27.324604034423828,41248000,0.0,0.0
2014-10-14 00:00:00-04:00,28.04088001724351,29.420375841846305,27.66063612480574,28.99591636657715,27229100,0.0,0.0
2014-10-15 00:00:00-04:00,27.48377627771241,29.623761504616454,26.908987212714425,28.63335609436035,37245100,0.0,0.0
2014-10-16 00:00:00-04:00,27.678326360758266,30.17202839887734,27.634112455490428,29.464595794677734,29696600,0.0,0.0
2014-10-17 00:00:00-04:00,30.56995075359271,31.07399653762979,30.198550017272204,30.410778045654297,21497300,0.0,0.0
2014-10-20 00:00:00-04:00,31.401181126908813,31.949444136338396,30.959035497351472,31.869857788085938,19943900,0.0,0.0
2014-10-21 00:00:00-04:00,32.515403271132456,33.24052212964434,32.453503127598864,33.14324951171875,21351600,0.0,0.0
2014-10-22 00:00:00-04:00,33.30240757726092,33.47926649787057,32.93984830799764,32.98406219482422,16448900,0.0,0.0
2014-10-23 00:00:00-04:00,33.2670503728128,34.45200129895267,33.116722414010106,33.5323371887207,25662000,0.0,0.0
2014-10-24 00:00:00-04:00,33.5942298277455,34.920666851047365,33.56769879343289,34.87644958496094,19537200,0.0,0.0
2014-10-27 00:00:00-04:00,34.823394503051254,35.46008198477955,34.66422178929323,35.15058135986328,18958800,0.0,0.0
2014-10-28 00:00:00-04:00,35.43355783058879,35.50430276517373,34.90298431441826,35.23017120361328,13212200,0.0,0.0
2014-10-29 00:00:00-04:00,35.12405584223864,35.22132843694981,34.35471988768886,35.0002555847168,13198100,0.0,0.0
2014-10-30 00:00:00-04:00,35.053305919838564,35.21247862064942,34.33703213949326,34.61116027832031,14630500,0.0,0.0
2014-10-31 00:00:00-04:00,35.30975219221856,35.72537018636409,34.96487912188658,35.57503890991211,14619000,0.0,0.0
2014-11-03 00:00:00-05:00,35.619261584003425,36.026038249631206,35.57504768236906,35.91107940673828,10764800,0.0,0.0
2014-11-04 00:00:00-05:00,36.69808775678673,37.9007244254124,36.69808775678673,37.4232063293457,19149900,0.0,0.0
2014-11-05 00:00:00-05:00,37.91060311364412,37.91060311364412,36.7585751442536,37.104183197021484,13025000,0.09,0.0
2014-11-06 00:00:00-05:00,37.32572543137248,38.64612892028698,37.29028096694957,38.016944885253906,16694400,0.0,0.0
2014-11-07 00:00:00-05:00,38.06125248749893,38.10556060279904,37.59157699993883,37.83084487915039,10192800,0.0,0.0
2014-11-10 00:00:00-05:00,37.47638799298539,38.46004400257209,37.22825638682801,38.43345642089844,11142000,0.0,0.0
2014-11-11 00:00:00-05:00,38.6106885834833,39.239872740865536,38.55751680577049,38.84995651245117,11653700,0.0,0.0
2014-11-12 00:00:00-05:00,38.46004867553711,38.80565685484477,38.01696057273366,38.46004867553711,9505800,0.0,0.0
2014-11-13 00:00:00-05:00,38.61955689887882,39.355081319986816,38.513213330615265,39.062644958496094,11268900,0.0,0.0
2014-11-14 00:00:00-05:00,38.93857487119202,39.11581075934427,38.5929667485665,38.77020263671875,7982200,0.0,0.0
2014-11-17 00:00:00-05:00,38.69043041524385,39.16010244827675,38.44230230428187,38.486610412597656,7967400,0.0,0.0
2014-11-18 00:00:00-05:00,38.575242156927715,40.06401818296084,38.575242156927715,39.69182586669922,12945300,0.0,0.0
2014-11-19 00:00:00-05:00,39.284178030369176,39.833606124498814,38.8676742887506,39.39051818847656,9762100,0.0,0.0
2014-11-20 00:00:00-05:00,38.99174668188149,39.55889882001173,38.72589453969461,38.956298828125,9076900,0.0,0.0
2014-11-21 00:00:00-05:00,39.14239398599068,39.24873754453348,38.0258136652377,38.185325622558594,14747000,0.0,0.0
2014-11-24 00:00:00-05:00,38.52207353295301,39.05377780465072,38.23849747064846,38.557518005371094,10597800,0.0,0.0
2014-11-25 00:00:00-05:00,38.61069324461005,39.284188988304734,38.38028894102626,39.062644958496094,11304900,0.0,0.0
2014-11-26 00:00:00-05:00,39.19556215912451,39.36393437391978,39.02718994432924,39.20442581176758,8587400,0.0,0.0
2014-11-28 00:00:00-05:00,41.10970186286275,41.81864194819966,40.834989481322,41.35783004760742,16204600,0.0,0.0
2014-12-01 00:00:00-05:00,41.251493059711734,41.411005013769795,39.74499314943741,40.42734909057617,14652000,0.0,0.0
2014-12-02 00:00:00-05:00,39.81588354923804,41.01221966479917,39.03604780890209,39.58547592163086,18329400,0.0,0.0
2014-12-03 00:00:00-05:00,40.00197243930085,40.32099624719034,38.90311641267282,39.65636444091797,11034800,0.0,0.0
2014-12-04 00:00:00-05:00,40.82613501786189,41.59710732291518,40.365323013550224,41.136295318603516,14723100,0.0,0.0
2014-12-05 00:00:00-05:00,41.52620328236177,42.208559132129785,41.45530758761003,41.89839553833008,15045100,0.0,0.0
2014-12-08 00:00:00-05:00,41.703448009485285,42.24401258473325,41.3932843497107,41.951576232910156,14718700,0.0,0.0
2014-12-09 00:00:00-05:00,40.7109147845944,41.08311037616093,40.064006860232865,41.05652618408203,14027400,0.0,0.0
2014-12-10 00:00:00-05:00,41.552793166868064,41.95157305321381,40.82612909863505,40.95905685424805,15790800,0.0,0.0
2014-12-11 00:00:00-05:00,41.340108298687205,43.02384052973405,41.340108298687205,42.82888412475586,19911400,0.0,0.0
2014-12-12 00:00:00-05:00,43.972060650901405,43.972060650901405,42.226295893068155,42.25288009643555,15141600,0.0,0.0
2014-12-15 00:00:00-05:00,42.29717892014974,42.775714758409976,41.39327901915588,42.35921096801758,12391100,0.0,0.0
2014-12-16 00:00:00-05:00,42.447832224428886,42.536448473217476,40.17922042221307,40.21466827392578,19653600,0.0,0.0
2014-12-17 00:00:00-05:00,40.3387367055498,41.127432898126514,39.257600775684075,40.91474914550781,17268400,0.0,0.0
2014-12-18 00:00:00-05:00,41.11856512725483,41.60596122004163,40.48051736622895,41.446449279785156,12578400,0.0,0.0
2014-12-19 00:00:00-05:00,41.18059110140513,42.31489505999936,41.16286717949054,41.98701095581055,13059600,0.0,0.0
2014-12-22 00:00:00-05:00,42.34147584415168,43.13903536364278,41.91611189392049,42.01359176635742,8206700,0.0,0.0
2014-12-23 00:00:00-05:00,42.28832020703716,42.33262833136316,41.109704493104914,41.76547622680664,6606300,0.0,0.0
2014-12-24 00:00:00-05:00,42.06676550073786,42.678225574030186,41.889529668039515,42.580745697021484,4296200,0.0,0.0
2014-12-26 00:00:00-05:00,42.660509389316665,43.06814951210492,42.394657282302276,42.88205337524414,5303100,0.0,0.0
2014-12-29 00:00:00-05:00,42.545309010023274,43.30742092411191,42.031328678970866,43.227664947509766,6656700,0.0,0.0
2014-12-30 00:00:00-05:00,43.19221762973124,43.80367782305735,43.085874080940876,43.626441955566406,7318900,0.0,0.0
2014-12-31 00:00:00-05:00,43.93661110968607,44.45059147168605,43.51124362186711,43.590999603271484,7772200,0.0,0.0
2015-01-02 00:00:00-05:00,44.237902568116205,44.31765854021829,43.16563046134938,43.58213424682617,8637300,0.0,0.0
2015-01-05 00:00:00-05:00,43.8302570246662,43.8479809474446,42.368068890621004,42.855464935302734,10556500,0.0,0.0
2015-01-06 00:00:00-05:00,43.02384629896442,43.19222191099225,40.985642072021996,41.84523391723633,12880400,0.0,0.0
2015-01-07 00:00:00-05:00,42.07563601609803,42.173115916842,41.2160442155301,41.623687744140625,10516200,0.0,0.0
2015-01-08 00:00:00-05:00,42.0756383574606,42.820026373072515,41.88067854512383,42.7048225402832,10499300,0.0,0.0
2015-01-09 00:00:00-05:00,42.82888980766198,42.97953811242957,41.4641778892685,41.5439338684082,8860800,0.0,0.0
2015-01-12 00:00:00-05:00,41.402148274241036,41.62369229817342,40.36532048438087,40.8172721862793,11573400,0.0,0.0
2015-01-13 00:00:00-05:00,41.36669284201841,42.31490082032768,40.728645088205475,41.30466079711914,12499100,0.0,0.0
2015-01-14 00:00:00-05:00,40.62230198123509,40.90587798895285,39.40824198691263,40.15262985229492,13115700,0.0,0.0
2015-01-15 00:00:00-05:00,39.95767380153845,40.55141006660271,39.79816185977638,39.92222595214844,8532400,0.0,0.0
2015-01-16 00:00:00-05:00,39.877918869611335,40.67547859920079,39.53231078028693,40.62230682373047,13020100,0.0,0.0
2015-01-20 00:00:00-05:00,41.6591253681461,43.679608612013666,41.570509135030306,43.573265075683594,21172700,0.0,0.0
2015-01-21 00:00:00-05:00,43.21880223624844,43.95432652964057,42.7136822064329,43.58213424682617,14918700,0.0,0.0
2015-01-22 00:00:00-05:00,44.24676325683119,45.02659900064585,43.58213132733402,44.92911911010742,16033200,0.0,0.0
2015-01-23 00:00:00-05:00,44.61895420695823,45.24814165094897,44.36196577092603,44.8050537109375,8613600,0.0,0.0
2015-01-26 00:00:00-05:00,44.51261900501081,45.04432662053346,44.26449081272943,44.44172668457031,9386200,0.0,0.0
2015-01-27 00:00:00-05:00,43.67961414389462,44.22018202364288,43.34286633051991,43.58213424682617,9786600,0.0,0.0
2015-01-28 00:00:00-05:00,43.86571182992275,44.2290438532943,42.784576032356746,42.944087982177734,9575400,0.0,0.0
2015-01-29 00:00:00-05:00,43.13018039259639,44.61895620825035,42.71368000903937,44.49489212036133,9764600,0.0,0.0
2015-01-30 00:00:00-05:00,43.71505974173689,44.13156012526359,41.659128497965376,41.924983978271484,17133900,0.0,0.0
2015-02-02 00:00:00-05:00,41.738885505813485,41.792057279297964,39.70954516830353,41.216041564941406,20909800,0.0,0.0
2015-02-03 00:00:00-05:00,39.87791310101072,40.967908986779236,39.81588106218189,40.77294921875,17599000,0.0,0.0
2015-02-04 00:00:00-05:00,41.251494159681705,42.04905395123891,41.14515398097185,41.61482620239258,12204300,0.0,0.0
2015-02-05 00:00:00-05:00,41.58823280724454,41.632540923535544,40.11718103513212,40.888153076171875,11306700,0.0,0.0
2015-02-06 00:00:00-05:00,40.73751184627062,41.36669599563975,40.13491189517272,40.32986831665039,10884000,0.0,0.0
2015-02-09 00:00:00-05:00,39.43482630598025,39.77157408389511,38.73474655574686,39.39051818847656,14027000,0.0,0.0
2015-02-10 00:00:00-05:00,39.99312298924281,40.5336908788044,39.64751489735736,40.161495208740234,11276400,0.0,0.0
2015-02-11 00:00:00-05:00,40.515955239917474,40.70205133090062,39.70067181483701,39.86018371582031,9619100,0.0,0.0
2015-02-12 00:00:00-05:00,39.301897857902695,39.78929728305338,38.75246977376956,39.70954132080078,15764800,0.0,0.0
2015-02-13 00:00:00-05:00,39.062641214839644,39.46141772588265,38.415729734962255,39.43483352661133,16355700,0.0,0.0
2015-02-17 00:00:00-05:00,39.682953720129085,40.16148949332804,39.54116571849524,39.66522979736328,12153500,0.0,0.0
2015-02-18 00:00:00-05:00,40.091455080672276,40.35784280006039,39.647474419257534,40.1980094909668,9889600,0.09,0.0
2015-02-19 00:00:00-05:00,41.60987049002825,42.08048893388599,40.704149482889804,40.775184631347656,14676200,0.0,0.0
2015-02-20 00:00:00-05:00,40.606479805866385,42.16041246214454,40.411127187996875,42.12489318847656,13624800,0.0,0.0
2015-02-23 00:00:00-05:00,42.59550907042939,42.861896810645234,41.60987138305726,41.902896881103516,12104600,0.0,0.0
2015-02-24 00:00:00-05:00,41.64538697690375,42.86189302850386,41.20140631995298,42.648780822753906,12044300,0.0,0.0
2015-02-25 00:00:00-05:00,42.559991588557466,42.6310267415221,41.37900126137107,41.59211349487305,10815800,0.0,0.0
2015-02-26 00:00:00-05:00,41.91177749240774,42.071610810567684,40.46439950564988,40.775184631347656,14477500,0.0,0.0
2015-02-27 00:00:00-05:00,40.66862908449512,40.73078610790683,39.514280008887255,39.532039642333984,15235200,0.0,0.0
2015-03-02 00:00:00-05:00,39.53204748113567,40.41112749358736,39.53204748113567,40.30457305908203,11247500,0.0,0.0
2015-03-03 00:00:00-05:00,39.58530917650639,40.67750097028215,39.310040004168265,40.65085983276367,12972500,0.0,0.0
2015-03-04 00:00:00-05:00,40.277932274858415,40.40224633700361,39.78067263897349,40.091461181640625,10364100,0.0,0.0
2015-03-05 00:00:00-05:00,40.375606862855676,40.375606862855676,39.114699884697885,39.41660690307617,12145300,0.0,0.0
2015-03-06 00:00:00-05:00,39.34556068862677,39.70962463307983,38.74174682163588,38.87493896484375,7527200,0.0,0.0
2015-03-09 00:00:00-04:00,38.95485774342461,39.70962681223439,38.89270072905599,39.57643127441406,8415200,0.0,0.0
2015-03-10 00:00:00-04:00,39.389968481641944,39.41660623986406,38.42209041435889,38.55528259277344,9909400,0.0,0.0
2015-03-11 00:00:00-04:00,38.59079513722874,39.41659937125187,38.57303550574075,39.08805465698242,8603500,0.0,0.0
2015-03-12 00:00:00-04:00,39.18573136321942,40.313442570211656,39.13245246817527,40.251285552978516,9284900,0.0,0.0
2015-03-13 00:00:00-04:00,40.357854795388896,41.174777829295515,40.25130035342382,40.402252197265625,10039200,0.0,0.0
2015-03-16 00:00:00-04:00,40.97941457167396,41.28132154343253,40.810699760003786,40.9882926940918,8517000,0.0,0.0
2015-03-17 00:00:00-04:00,41.29020151086539,41.68978478359255,41.02381379148182,41.423397064208984,11583500,0.0,0.0
2015-03-18 00:00:00-04:00,41.51219172962666,41.538829485302095,40.32232342477195,40.67750930786133,19021400,0.0,0.0
2015-03-19 00:00:00-04:00,41.16587911819684,42.044958752594205,41.15699760988005,41.96504211425781,16818100,0.0,0.0
2015-03-20 00:00:00-04:00,41.5654707666886,42.29359878087313,41.5654707666886,42.10712432861328,21270700,0.0,0.0
2015-03-23 00:00:00-04:00,42.107128536014805,42.258083737470365,41.343484566941626,41.361244201660156,10793900,0.0,0.0
2015-03-24 00:00:00-04:00,41.14812151264842,41.228038154915346,40.86397420398895,40.87285232543945,9517400,0.0,0.0
2015-03-25 00:00:00-04:00,40.7663053748003,40.8195842751405,39.40772559551058,39.532039642333984,10383800,0.0,0.0
2015-03-26 00:00:00-04:00,38.30665867353609,39.38109127854228,37.827158649262415,39.15022277832031,15909700,0.0,0.0
2015-03-27 00:00:00-04:00,39.407726770995524,40.15361446148863,39.35444786906608,39.851707458496094,7983200,0.0,0.0
2015-03-30 00:00:00-04:00,40.26016804747547,40.757427626647,40.26016804747547,40.45552062988281,8325800,0.0,0.0
2015-03-31 00:00:00-04:00,40.473279404598,40.508795283760755,39.656353212388396,39.9227409362793,9679100,0.0,0.0
2015-04-01 00:00:00-04:00,38.77726818915908,39.06141892033568,38.11129721683715,38.413204193115234,19301700,0.0,0.0
2015-04-02 00:00:00-04:00,38.102423250037674,38.5108846779923,37.5163688659668,37.5163688659668,15554800,0.0,0.0
2015-04-06 00:00:00-04:00,36.77047181273396,37.214452396508726,36.42416749935813,37.08125686645508,18500400,0.0,0.0
2015-04-07 00:00:00-04:00,37.29437517200034,37.69395844058963,36.94807080165749,36.974708557128906,9166300,0.0,0.0
2015-04-08 00:00:00-04:00,37.241099930055434,38.44872797710988,37.214462171968734,38.439849853515625,14039100,0.0,0.0
2015-04-09 00:00:00-04:00,38.55527248406039,39.043653838778035,37.96921824570227,38.306644439697266,9704800,0.0,0.0
2015-04-10 00:00:00-04:00,38.28890129320783,38.652965395171066,38.21786613022463,38.38657760620117,8160300,0.0,0.0
2015-04-13 00:00:00-04:00,38.25338453347602,38.95487157140367,38.17346785987611,38.244503021240234,10223200,0.0,0.0
2015-04-14 00:00:00-04:00,38.23562781265016,38.351060382084285,37.69397069330415,38.253387451171875,10244200,0.0,0.0
2015-04-15 00:00:00-04:00,39.496530071184814,40.26017756033855,38.89271593498441,39.247901916503906,22814900,0.0,0.0
2015-04-16 00:00:00-04:00,39.247896247519776,40.313450650864546,39.21237697703734,39.94938659667969,13257600,0.0,0.0
2015-04-17 00:00:00-04:00,39.7096318261711,40.16249061479459,39.58531778173734,39.745147705078125,9581400,0.0,0.0
2015-04-20 00:00:00-04:00,40.08257091937417,40.68638484994447,39.745144690572324,40.606468200683594,8819100,0.0,0.0
2015-04-21 00:00:00-04:00,40.75742012427168,41.192519212065626,40.45551318308067,41.050445556640625,9400600,0.0,0.0
2015-04-22 00:00:00-04:00,41.157015409086775,41.39676542778083,40.55320129992495,41.31684875488281,9691300,0.0,0.0
2015-04-23 00:00:00-04:00,41.085972734434264,41.672027099405746,40.95277717486193,41.22804641723633,10077000,0.0,0.0
2015-04-24 00:00:00-04:00,41.529959562907116,42.071616617285954,41.45004289279706,41.7164306640625,10280600,0.0,0.0
2015-04-27 00:00:00-04:00,41.769701145287314,41.82297665640833,41.139249423462175,41.24580383300781,10000200,0.0,0.0
2015-04-28 00:00:00-04:00,41.1037356343595,41.245809328450946,40.100338264480165,41.02381896972656,8684600,0.0,0.0
2015-04-29 00:00:00-04:00,40.70414362707456,40.84621729085496,39.30116323335263,39.984893798828125,11460600,0.0,0.0
2015-04-30 00:00:00-04:00,39.74515382348345,40.597599407247976,39.3899712686104,39.63859939575195,9256600,0.0,0.0
2015-05-01 00:00:00-04:00,39.78955702859279,40.87286778229296,39.674121082263355,40.5443229675293,11469900,0.0,0.0
2015-05-04 00:00:00-04:00,40.76630968193301,41.290207068400576,40.06481932953839,40.21577453613281,9653100,0.0,0.0
2015-05-05 00:00:00-04:00,39.40773126447763,39.95826643130825,38.96375052635199,38.981510162353516,11350400,0.0,0.0
2015-05-06 00:00:00-04:00,38.741260123553225,39.38190335294758,38.11840961658294,39.203948974609375,12783300,0.09,0.0
2015-05-07 00:00:00-04:00,39.390798192028605,40.90343397894554,39.390798192028605,40.36066436767578,15678600,0.0,0.0
2015-05-08 00:00:00-04:00,40.574220508467754,41.312744158523515,40.574220508467754,41.081398010253906,9936500,0.0,0.0
2015-05-11 00:00:00-04:00,40.96572835299593,42.12244891219478,40.84115891659549,41.65086364746094,12461400,0.0,0.0
2015-05-12 00:00:00-04:00,41.21486553634158,41.2860500080882,40.8856458401695,41.01911163330078,7549200,0.0,0.0
2015-05-13 00:00:00-04:00,42.16693814352698,42.69191177212507,41.33054091926164,41.624168395996094,16830900,0.0,0.0
2015-05-14 00:00:00-04:00,42.122446303070234,42.51395070668737,41.704246025976175,42.17583465576172,8820200,0.0,0.0
2015-05-15 00:00:00-04:00,42.558439317545755,42.656312864979704,41.79322329438985,41.819915771484375,9614900,0.0,0.0
2015-05-18 00:00:00-04:00,41.81102713247767,42.344897138539366,41.70425041585515,42.14914321899414,7940000,0.0,0.0
2015-05-19 00:00:00-04:00,42.44277502625533,42.594036953383586,41.028015745571395,41.11699295043945,12749000,0.0,0.0
2015-05-20 00:00:00-04:00,40.805563804310644,40.86784851812261,38.40314226184463,38.812442779541016,37638100,0.0,0.0
2015-05-21 00:00:00-04:00,38.705673261369974,39.28403525401505,37.98494570974094,38.92811965942383,16267300,0.0,0.0
2015-05-22 00:00:00-04:00,39.13276816177419,39.150564280122104,38.376451800431376,38.42094039916992,10619900,0.0,0.0
2015-05-26 00:00:00-04:00,38.6344890580612,38.67898105339685,37.12185625600423,37.237525939941406,18594400,0.0,0.0
2015-05-27 00:00:00-04:00,37.39768233682782,38.36754863798163,37.39768233682782,37.84257507324219,12382900,0.0,0.0
2015-05-28 00:00:00-04:00,37.94045299507909,38.37644938146489,37.52225272591948,37.59343719482422,10886600,0.0,0.0
2015-05-29 00:00:00-04:00,37.5400512230448,38.429836775189365,37.27311623625393,38.18959426879883,12538000,0.0,0.0
2015-06-01 00:00:00-04:00,38.44762415649816,39.853486638656804,38.20738170470162,39.461978912353516,17682300,0.0,0.0
2015-06-02 00:00:00-04:00,38.25187373739827,38.81243606472478,38.14509705139744,38.44762420654297,18431500,0.0,0.0
2015-06-03 00:00:00-04:00,38.72346594495484,38.945912323273106,38.21628847393019,38.474327087402344,9886600,0.0,0.0
2015-06-04 00:00:00-04:00,38.61669432077923,39.24844124817887,37.76249761108094,38.18959426879883,13390400,0.0,0.0
2015-06-05 00:00:00-04:00,38.10951399357738,38.39424507754857,37.620129260881036,38.17179870605469,9897200,0.0,0.0
2015-06-08 00:00:00-04:00,37.7002140478166,37.92266044266089,36.16978515938647,36.25876235961914,18359700,0.0,0.0
2015-06-09 00:00:00-04:00,35.68040140386585,36.61467900455406,34.674946114054826,36.23207092285156,29310500,0.0,0.0
2015-06-10 00:00:00-04:00,36.143091453444406,36.979492120593086,35.89395256242794,36.53459930419922,11590200,0.0,0.0
2015-06-11 00:00:00-04:00,36.774838003507064,37.18413853735153,36.24986439905004,36.30324935913086,9259100,0.0,0.0
2015-06-12 00:00:00-04:00,36.249865549680095,36.979489444218814,36.10749999450822,36.605777740478516,7838300,0.0,0.0
2015-06-15 00:00:00-04:00,36.41001438217261,36.659156584776845,36.06299864362073,36.214263916015625,9649400,0.0,0.0
2015-06-16 00:00:00-04:00,36.169782951475526,36.49010288931743,35.62701323810572,36.09859848022461,8314900,0.0,0.0
2015-06-17 00:00:00-04:00,35.96512990348164,36.5523916184704,35.79607187278827,36.30324935913086,7057900,0.0,0.0
2015-06-18 00:00:00-04:00,36.1875785794949,36.863817533604916,36.00072441885766,36.792633056640625,7198400,0.0,0.0
2015-06-19 00:00:00-04:00,37.36208724975586,38.091710943924625,37.21972173368053,37.36208724975586,11189300,0.0,0.0
2015-06-22 00:00:00-04:00,38.011639806522794,38.331963147810065,37.691316465235516,38.19849395751953,10407000,0.0,0.0
2015-06-23 00:00:00-04:00,38.59889658576008,38.89252404065308,38.26077713971334,38.349754333496094,7789400,0.0,0.0
2015-06-24 00:00:00-04:00,38.23409438421684,38.376459967033426,37.81589399970294,37.95825958251953,7413400,0.0,0.0
2015-06-25 00:00:00-04:00,38.24297704639416,38.59889257304923,37.87816515899062,37.90485763549805,6208700,0.0,0.0
2015-06-26 00:00:00-04:00,38.065023049566136,38.171799754685324,37.42437979016277,37.68241500854492,15144800,0.0,0.0
2015-06-29 00:00:00-04:00,37.166332538687264,37.77138681667625,36.55238190113736,36.58797073364258,7881500,0.0,0.0
2015-06-30 00:00:00-04:00,37.086253269532556,37.219722428333654,36.507891440410056,36.55238342285156,10416400,0.0,0.0
2015-07-01 00:00:00-04:00,37.14854331045431,37.20193166049953,34.532575254957905,35.831661224365234,30993500,0.0,0.0
2015-07-02 00:00:00-04:00,35.79607714643753,36.507905004572244,35.3689804315567,35.591426849365234,11310800,0.0,0.0
2015-07-06 00:00:00-04:00,35.48464659959829,36.29435126675599,35.48464659959829,36.018516540527344,9714600,0.0,0.0
2015-07-07 00:00:00-04:00,36.18758387397782,36.748149832166725,35.55583682267305,36.64137649536133,9136400,0.0,0.0
2015-07-08 00:00:00-04:00,36.0007335578424,36.37444536824836,35.60032925893014,35.74269485473633,8642700,0.0,0.0
2015-07-09 00:00:00-04:00,36.107498791741456,36.56128792302873,36.027417957483415,36.08080291748047,8541600,0.0,0.0
2015-07-10 00:00:00-04:00,36.88160690182228,38.01163480981339,36.757037484199365,37.78028869628906,13746100,0.0,0.0
2015-07-13 00:00:00-04:00,38.447642194968076,38.723477004798575,38.26078799843612,38.59000778198242,10131500,0.0,0.0
2015-07-14 00:00:00-04:00,38.21629078177507,39.11497271097595,37.91376355322241,38.84803771972656,13648600,0.0,0.0
2015-07-15 00:00:00-04:00,37.89596533001957,39.5331708181596,37.726907303611526,39.141666412353516,23558400,0.0,0.0
2015-07-16 00:00:00-04:00,39.595452395461685,39.92467206049123,39.319617684929725,39.56875991821289,12804800,0.0,0.0
2015-07-17 00:00:00-04:00,39.728933715243414,40.129334573425105,39.48869116377651,39.986968994140625,9625000,0.0,0.0
2015-07-20 00:00:00-04:00,40.12933392372797,40.12933392372797,39.11497876346563,39.23065185546875,7746100,0.0,0.0
2015-07-21 00:00:00-04:00,39.22174633587305,39.80010487234897,39.22174633587305,39.72892379760742,6166500,0.0,0.0
2015-07-22 00:00:00-04:00,39.604345237526736,40.41404978666329,39.55985664797761,40.2360954284668,8995500,0.0,0.0
2015-07-23 00:00:00-04:00,41.197075291485696,41.49960255101248,40.08484321885238,40.18272018432617,11449800,0.0,0.0
2015-07-24 00:00:00-04:00,40.58311813696809,40.609810616421676,38.93701288732823,39.239540100097656,8550100,0.0,0.0
2015-07-27 00:00:00-04:00,38.7946488615641,39.31072611299305,38.3052674848983,39.088279724121094,7301600,0.0,0.0
2015-07-28 00:00:00-04:00,39.088284205634686,39.99586598359899,39.061591722073736,39.96027374267578,7624700,0.0,0.0
2015-07-29 00:00:00-04:00,39.87129201687493,40.33398091366131,39.017095302820266,39.310726165771484,10355300,0.0,0.0
2015-07-30 00:00:00-04:00,39.292934438227505,39.479788611388365,38.83024548973663,39.17726135253906,5297100,0.0,0.0
2015-07-31 00:00:00-04:00,39.28402884004337,39.50647520177802,39.0437863620585,39.453086853027344,5973700,0.0,0.0
2015-08-03 00:00:00-04:00,39.75561768901677,40.79666512822307,39.6577407377897,40.68989181518555,12159300,0.0,0.0
2015-08-04 00:00:00-04:00,41.21486940736763,41.90890110077066,40.73438436073656,41.24156188964844,11268300,0.0,0.0
2015-08-05 00:00:00-04:00,41.370953821052595,41.52265758085646,41.165705755576994,41.31740951538086,5838700,0.135,0.0
2015-08-06 00:00:00-04:00,41.47804388805409,41.75468439350499,40.83552576142117,41.08539581298828,6525100,0.0,0.0
2015-08-07 00:00:00-04:00,40.906919096850956,41.478044820394494,40.8355266793191,41.36203384399414,6825100,0.0,0.0
2015-08-10 00:00:00-04:00,41.70112837294512,42.11162443673587,41.23708801224292,41.33525085449219,6325400,0.0,0.0
2015-08-11 00:00:00-04:00,41.30848922493906,42.37042580901485,41.16570780687695,42.03131866455078,9734300,0.0,0.0
2015-08-12 00:00:00-04:00,41.763610249500324,41.77253600432942,39.95207009549153,41.58513259887695,11334000,0.0,0.0
2015-08-13 00:00:00-04:00,41.843917975811145,42.71845457200317,41.46911803637633,42.34365463256836,9953500,0.0,0.0
2015-08-14 00:00:00-04:00,42.26333962928042,42.79876908371517,42.191947219794486,42.5042839050293,6117400,0.0,0.0
2015-08-17 00:00:00-04:00,42.62922812191439,43.05757247586721,42.22765422627789,42.82555389404297,8136600,0.0,0.0
2015-08-18 00:00:00-04:00,42.90585807058182,43.10218039001832,41.87068854910994,42.26333999633789,8076100,0.0,0.0
2015-08-19 00:00:00-04:00,42.26334013859924,42.4685882120786,41.59405161040143,42.01347351074219,9389300,0.0,0.0
2015-08-20 00:00:00-04:00,41.540519959005294,42.013486311206854,40.755220226822196,40.790916442871094,9484800,0.0,0.0
2015-08-21 00:00:00-04:00,40.60350665183484,40.67489906676645,38.89905189338647,38.90797424316406,14908800,0.0,0.0
2015-08-24 00:00:00-04:00,35.24919660577933,39.40770928436999,30.885435849124683,37.614017486572266,15222400,0.0,0.0
2015-08-25 00:00:00-04:00,39.122152838954435,39.122152838954435,36.91796112060547,36.91796112060547,10465900,0.0,0.0
2015-08-26 00:00:00-04:00,38.02450829291194,39.15783714169174,37.025038495599645,38.99720764160156,14221500,0.0,0.0
2015-08-27 00:00:00-04:00,39.43448461488955,39.57726605225633,38.16729978378163,39.13999938964844,12853000,0.0,0.0
2015-08-28 00:00:00-04:00,39.211387634277344,39.532646713072374,38.73842477059461,39.211387634277344,9205800,0.0,0.0
2015-08-31 00:00:00-04:00,39.23815496663071,39.800354856826,38.854429286808774,39.068599700927734,8387000,0.0,0.0
2015-09-01 00:00:00-04:00,39.22031046614835,39.67542519107489,38.64025901663989,39.0596809387207,11269300,0.0,0.0
2015-09-02 00:00:00-04:00,39.84497221560969,41.04969001749585,39.5772541225888,41.040767669677734,15227900,0.0,0.0
2015-09-03 00:00:00-04:00,41.10324602586273,41.54051268122904,40.077002121412306,40.21086120605469,10909000,0.0,0.0
2015-09-04 00:00:00-04:00,39.755745412586805,41.04078180842195,39.54157494939971,40.51427459716797,8955300,0.0,0.0
2015-09-08 00:00:00-04:00,41.246021014026994,41.62974669890158,41.01399909080276,41.576202392578125,8177800,0.0,0.0
2015-09-09 00:00:00-04:00,41.88853464289117,42.11163080750768,40.960457185261276,41.058616638183594,9614000,0.0,0.0
2015-09-10 00:00:00-04:00,41.30849895786105,41.942091437034726,41.156791750575636,41.486976623535156,8754700,0.0,0.0
2015-09-11 00:00:00-04:00,41.49589700512106,41.98670800929224,41.290648890801414,41.870697021484375,7030100,0.0,0.0
2015-09-14 00:00:00-04:00,41.915314077563636,42.200876933954824,41.58512925896688,41.84392166137695,5253000,0.0,0.0
2015-09-15 00:00:00-04:00,41.94208453154476,42.04916975164701,41.32634026073458,41.84392166137695,8804600,0.0,0.0
2015-09-16 00:00:00-04:00,41.79038135475396,42.30796276284402,41.52266319437936,42.02239990234375,7903500,0.0,0.0
2015-09-17 00:00:00-04:00,42.21872684515939,42.995100681444235,41.83500110217515,42.379356384277344,11128000,0.0,0.0
2015-09-18 00:00:00-04:00,42.013475465687776,42.111634928215196,41.54050923557952,41.6475944519043,11862900,0.0,0.0
2015-09-21 00:00:00-04:00,41.736828375100494,42.53997247691621,41.6654359727113,42.1651725769043,7670500,0.0,0.0
2015-09-22 00:00:00-04:00,41.852837391265474,42.09377822774307,41.01399372287327,41.46018600463867,8329500,0.0,0.0
2015-09-23 00:00:00-04:00,41.495887635181646,41.83499476687538,40.98722863972974,41.576202392578125,4872500,0.0,0.0
2015-09-24 00:00:00-04:00,41.344186600375515,41.38880515649917,40.21085757311119,40.969383239746094,8871600,0.0,0.0
2015-09-25 00:00:00-04:00,41.51374009601764,41.79930295137055,40.683821983842705,41.08539581298828,6882900,0.0,0.0
2015-09-28 00:00:00-04:00,40.93368558873034,40.99615224593469,39.586186177951284,39.85390090942383,7367300,0.0,0.0
2015-09-29 00:00:00-04:00,39.72004721664166,40.09485061476481,38.88120670339913,39.300628662109375,7508800,0.0,0.0
2015-09-30 00:00:00-04:00,39.90744225887345,40.19300507183113,39.13999092248323,40.041297912597656,9525700,0.0,0.0
2015-10-01 00:00:00-04:00,39.89851956684617,40.603504304744334,39.38986055448357,40.523189544677734,8096500,0.0,0.0
2015-10-02 00:00:00-04:00,40.10376456517107,40.10376456517107,38.684872848960076,40.041297912597656,10918900,0.0,0.0
2015-10-05 00:00:00-04:00,40.35364343319228,41.9777835647903,40.19301389013947,41.90639114379883,8629300,0.0,0.0
2015-10-06 00:00:00-04:00,41.701135444043786,42.156253534521746,40.15731036517287,40.23762512207031,9081000,0.0,0.0
2015-10-07 00:00:00-04:00,40.33578304585305,41.04969001749585,39.68434272146794,41.040767669677734,11737900,0.0,0.0
2015-10-08 00:00:00-04:00,40.871214721909794,41.11215897667177,40.309011460798494,41.01399612426758,8905400,0.0,0.0
2015-10-09 00:00:00-04:00,41.308493692382726,42.23657471224555,41.192482713855405,42.129486083984375,10715300,0.0,0.0
2015-10-12 00:00:00-04:00,42.40612584644431,43.280662536621094,42.40612584644431,43.280662536621094,10647300,0.0,0.0
2015-10-13 00:00:00-04:00,42.923702502410386,43.8250129514259,42.58459876904496,42.59352111816406,13839900,0.0,0.0
2015-10-14 00:00:00-04:00,43.352051008858844,44.15519520837309,42.77199958350618,43.3609733581543,15052900,0.0,0.0
2015-10-15 00:00:00-04:00,43.682234853038445,44.0124162623552,43.15572770641986,43.66438674926758,8423700,0.0,0.0
2015-10-16 00:00:00-04:00,43.494838624939426,43.842868168075,42.90586476636123,43.83394241333008,14240400,0.0,0.0
2015-10-19 00:00:00-04:00,43.914265817509126,45.13683574035849,43.84287678640667,44.86019515991211,11037800,0.0,0.0
2015-10-20 00:00:00-04:00,44.904797483300335,45.30637127602048,44.440757034399006,44.75309371948242,8745500,0.0,0.0
2015-10-21 00:00:00-04:00,44.44076209197721,45.145746896741386,44.03026590344789,44.119503021240234,7607300,0.0,0.0
2015-10-22 00:00:00-04:00,44.744168200836796,45.458075278206415,44.03918347260666,45.34206771850586,9528500,0.0,0.0
2015-10-23 00:00:00-04:00,45.71686380787315,46.10058946793016,45.0654234418682,45.51161575317383,11458600,0.0,0.0
2015-10-26 00:00:00-04:00,45.41346585039053,45.93105071310766,44.904806742784054,45.79719161987305,5579300,0.0,0.0
2015-10-27 00:00:00-04:00,45.511610305457,45.939954464536555,44.96725520615482,45.395599365234375,7910200,0.0,0.0
2015-10-28 00:00:00-04:00,45.62763743929648,45.62763743929648,44.20874541944187,44.74417495727539,7435100,0.0,0.0
2015-10-29 00:00:00-04:00,44.65492974126096,45.19928493508596,44.271204060504886,45.065425872802734,5632800,0.0,0.0
2015-10-30 00:00:00-04:00,45.0654283231967,45.91319448733987,44.87802834915235,45.368839263916016,7052500,0.0,0.0
2015-11-02 00:00:00-05:00,45.42238556096952,45.75256696838406,45.217134070875886,45.2439079284668,8548100,0.0,0.0
2015-11-03 00:00:00-05:00,46.09166711954201,46.40400037578508,45.37775669811127,45.51161575317383,10988100,0.0,0.0
2015-11-04 00:00:00-05:00,45.86504803992956,45.86504803992956,45.158195598115185,45.32819747924805,7353500,0.135,0.0
2015-11-05 00:00:00-05:00,45.48030442898845,45.76662516504038,45.02397840932214,45.2208251953125,5736700,0.0,0.0
2015-11-06 00:00:00-05:00,45.21188434794429,46.0619006879818,45.140305856929196,45.811370849609375,6376100,0.0,0.0
2015-11-09 00:00:00-05:00,45.5697787199953,45.587674192783986,44.94345082524096,45.301353454589844,5559100,0.0,0.0
2015-11-10 00:00:00-05:00,45.27451355196363,45.63241622094242,44.335023312410314,45.00608825683594,7348900,0.0,0.0
2015-11-11 00:00:00-05:00,45.17609460836256,45.39083348416025,44.70187304898463,44.71976852416992,6116400,0.0,0.0
2015-11-12 00:00:00-05:00,44.72871796836901,45.122408182806694,44.64819003664166,44.71976852416992,9350200,0.0,0.0
2015-11-13 00:00:00-05:00,44.57660875942006,44.80924652686997,43.619223009499365,43.83396530151367,9207300,0.0,0.0
2015-11-16 00:00:00-05:00,42.82288848442814,43.08236773030436,42.06234622029569,42.885520935058594,12339200,0.0,0.0
2015-11-17 00:00:00-05:00,43.00183839876062,43.89659156501122,42.69762218570691,42.74235916137695,10417300,0.0,0.0
2015-11-18 00:00:00-05:00,42.79605013045424,42.939210515747554,41.74024100896125,42.72446823120117,10952800,0.0,0.0
2015-11-19 00:00:00-05:00,43.12710485863918,43.62816446543952,42.966049009821184,43.404476165771484,7857100,0.0,0.0
2015-11-20 00:00:00-05:00,43.36868656283888,43.72658577730558,43.33289561742849,43.6281623840332,6878200,0.0,0.0
2015-11-23 00:00:00-05:00,43.84290577862438,44.01290765390743,43.306055236416015,43.61027145385742,6261100,0.0,0.0
2015-11-24 00:00:00-05:00,42.375508304185615,42.948149754802344,41.75812646700447,42.26813888549805,11111000,0.0,0.0
2015-11-25 00:00:00-05:00,42.456042725376776,42.608149140717764,41.48970756951823,41.93708419799805,7731700,0.0,0.0
2015-11-27 00:00:00-05:00,42.04445422950823,42.50077685817192,41.85655346409371,42.17866516113281,2597700,0.0,0.0
2015-11-30 00:00:00-05:00,42.241301160185536,42.44709400320012,41.55234073102565,41.57023620605469,8731300,0.0,0.0
2015-12-01 00:00:00-05:00,41.883396769585666,42.67972653817661,41.6776039517755,42.65288162231445,6335800,0.0,0.0
2015-12-02 00:00:00-05:00,43.99501286745224,44.13817665503577,43.10920911766078,43.24342346191406,12810600,0.0,0.0
2015-12-03 00:00:00-05:00,43.32395602848698,43.83396858355623,42.81394688663093,43.1450080871582,11634400,0.0,0.0
2015-12-04 00:00:00-05:00,43.84289577370154,44.558697471038,43.54762565361866,44.540802001953125,12775600,0.0,0.0
2015-12-07 00:00:00-05:00,44.97924265436029,46.36610939720816,44.907660761799434,46.330318450927734,13829500,0.0,0.0
2015-12-08 00:00:00-05:00,45.9276877577388,46.366114955992884,44.639240842872816,44.979248046875,13469200,0.0,0.0
2015-12-09 00:00:00-05:00,44.755554703762854,45.39977808890985,43.96817094560681,44.29922866821289,8144700,0.0,0.0
2015-12-10 00:00:00-05:00,44.47817627547581,46.45557982925135,44.32606988512949,45.882938385009766,10089600,0.0,0.0
2015-12-11 00:00:00-05:00,45.068714433353236,45.31924763202146,44.03975037650774,44.09343338012695,8651600,0.0,0.0
2015-12-14 00:00:00-05:00,44.30818652484782,45.1045164642463,43.62817206402196,44.89872360229492,10006400,0.0,0.0
2015-12-15 00:00:00-05:00,45.33713994009697,45.99925876514002,44.80028942168222,45.766624450683594,8084800,0.0,0.0
2015-12-16 00:00:00-05:00,45.990316747510484,46.78664656501865,45.4981997472862,46.63453674316406,9172900,0.0,0.0
2015-12-17 00:00:00-05:00,46.50926834216002,47.216124150055094,45.650306137058664,45.65925216674805,10024900,0.0,0.0
2015-12-18 00:00:00-05:00,45.66819728433002,46.48242243744289,44.70186233520508,44.70186233520508,15753500,0.0,0.0
2015-12-21 00:00:00-05:00,45.149245520876704,46.079789665328136,45.11345457381029,46.04399871826172,8822100,0.0,0.0
2015-12-22 00:00:00-05:00,46.21399667132747,46.48242190527389,45.7755661724191,46.303470611572266,6745600,0.0,0.0
2015-12-23 00:00:00-05:00,46.294525146484375,46.41084058757638,45.55187846320487,46.294525146484375,5843600,0.0,0.0
2015-12-24 00:00:00-05:00,46.26769016260254,47.10876040977131,46.249794687852905,46.759803771972656,3834200,0.0,0.0
2015-12-28 00:00:00-05:00,46.894007460997244,47.171382136714705,45.91872649483123,46.482421875,5295300,0.0,0.0
2015-12-29 00:00:00-05:00,46.46452525219567,46.8940062982233,46.428734311723716,46.679264068603516,4300100,0.0,0.0
2015-12-30 00:00:00-05:00,46.732954914097974,46.79558735926152,45.69504143440068,45.784515380859375,5060000,0.0,0.0
2015-12-31 00:00:00-05:00,45.632416243160506,45.70399814227624,45.05082525909,45.35504150390625,5911400,0.0,0.0
2016-01-04 00:00:00-05:00,44.21869568565509,44.21869568565509,43.21657318925257,43.5386848449707,12323200,0.0,0.0
2016-01-05 00:00:00-05:00,44.12027923591525,44.513969394770825,42.089189167513084,43.458160400390625,14557200,0.0,0.0
2016-01-06 00:00:00-05:00,42.76025908267224,44.111335002450716,42.617098697707554,43.780277252197266,10375900,0.0,0.0
2016-01-07 00:00:00-05:00,43.29710839465979,43.55658765137629,41.82076760827709,42.053401947021484,11301100,0.0,0.0
2016-01-08 00:00:00-05:00,42.482886942184685,43.79817540608729,41.597083072660375,41.70445251464844,10850300,0.0,0.0
2016-01-11 00:00:00-05:00,42.04445858610372,42.312883890379354,40.77390713982011,41.820770263671875,12096400,0.0,0.0
2016-01-12 00:00:00-05:00,42.11603586242712,42.482884564129925,40.99759428245356,42.01761245727539,12163400,0.0,0.0
2016-01-13 00:00:00-05:00,42.50077435640563,42.50077435640563,39.85230586831427,40.210205078125,10964500,0.0,0.0
2016-01-14 00:00:00-05:00,40.290732902134465,40.934956256763954,39.38703373030132,40.56810760498047,11555000,0.0,0.0
2016-01-15 00:00:00-05:00,39.26176333212028,40.58599738737312,38.87701926184681,39.81650924682617,16408600,0.0,0.0
2016-01-19 00:00:00-05:00,40.979695765057535,41.829711985370686,40.43389576843922,41.12285614013672,16014700,0.0,0.0
2016-01-20 00:00:00-05:00,41.23917014971754,41.83865308305798,38.062797355535906,40.88126754760742,21927500,0.0,0.0
2016-01-21 00:00:00-05:00,41.7402393156348,42.160771010441486,40.59495286653769,41.62392044067383,12817400,0.0,0.0
2016-01-22 00:00:00-05:00,42.133931409811034,42.49183408130371,41.632868352363865,41.838661193847656,9419500,0.0,0.0
2016-01-25 00:00:00-05:00,42.5813095143816,42.60815102104683,41.0244372767523,41.10496520996094,8602600,0.0,0.0
2016-01-26 00:00:00-05:00,41.59707963568127,41.96392832760803,40.827591303051285,41.25707244873047,8685100,0.0,0.0
2016-01-27 00:00:00-05:00,41.48074962911938,42.05339100304698,39.92387790719338,40.01335525512695,10669700,0.0,0.0
2016-01-28 00:00:00-05:00,40.12072222691895,40.263882561721054,38.04489566568271,38.65332794189453,13996900,0.0,0.0
2016-01-29 00:00:00-05:00,38.599648884162,39.67335330617235,37.955425548313336,39.62861633300781,12820100,0.0,0.0
2016-02-01 00:00:00-05:00,40.022297422846385,40.78283944746827,39.37807423271236,40.451778411865234,8618200,0.0,0.0
2016-02-02 00:00:00-05:00,40.433891698177405,40.72916186198704,38.76070434289284,39.02018356323242,8994000,0.0,0.0
2016-02-03 00:00:00-05:00,39.34229917999341,39.50335502857459,37.6780576867963,39.190189361572266,10049100,0.0,0.0
2016-02-04 00:00:00-05:00,39.17228858880835,39.700193040362215,38.79649393509819,39.40492630004883,9444000,0.0,0.0
2016-02-05 00:00:00-05:00,39.49441039822648,39.861259117320515,37.28436863919902,37.588584899902344,14206000,0.0,0.0
2016-02-08 00:00:00-05:00,36.96225150433247,37.221727307287516,35.83486069563939,36.47908401489258,15450900,0.0,0.0
2016-02-09 00:00:00-05:00,36.10327746155518,38.018051498155515,35.81695681206962,37.56172561645508,12082600,0.0,0.0
2016-02-10 00:00:00-05:00,38.14333137592192,39.17229554857265,38.00017099480474,38.715972900390625,11356200,0.0,0.0
2016-02-11 00:00:00-05:00,38.13437743135188,38.9396566133507,37.70489633868995,38.20595932006836,10019500,0.0,0.0
2016-02-12 00:00:00-05:00,38.59641107900203,38.722073264901574,37.82448230957595,38.58743667602539,7552700,0.135,0.0
2016-02-16 00:00:00-05:00,39.03623219649086,40.09538637482171,38.67719444435182,40.01460647583008,8128800,0.0,0.0
2016-02-17 00:00:00-05:00,40.37364341950853,41.531536649930544,40.346716784766905,41.378944396972656,10338400,0.0,0.0
2016-02-18 00:00:00-05:00,41.64822650080193,41.89955090159102,41.271236475580146,41.70207977294922,10946800,0.0,0.0
2016-02-19 00:00:00-05:00,41.70207593627395,42.321415901292475,41.50460824983773,41.93545150756836,10578700,0.0,0.0
2016-02-22 00:00:00-05:00,41.93544921635588,43.90117211435844,41.93544921635588,43.82038879394531,12748800,0.0,0.0
2016-02-23 00:00:00-05:00,43.50623711174863,44.38587588583902,43.48828488076255,43.93708038330078,9411500,0.0,0.0
2016-02-24 00:00:00-05:00,43.48828293063386,44.02683613991442,42.89587303081012,43.9281005859375,9236800,0.0,0.0
2016-02-25 00:00:00-05:00,44.0537661782517,44.3858738763639,43.685750595755025,44.161476135253906,7524800,0.0,0.0
2016-02-26 00:00:00-05:00,44.29611851103075,44.38587967362116,42.81509528069046,42.958709716796875,12282800,0.0,0.0
2016-02-29 00:00:00-05:00,42.85996457566595,43.80243431608252,42.54580913687292,43.29978561401367,8030000,0.0,0.0
2016-03-01 00:00:00-05:00,43.73961202368634,44.20635978663283,43.461357561918774,43.89220428466797,8000600,0.0,0.0
2016-03-02 00:00:00-05:00,43.174128233135285,43.60497495126432,42.734310535100846,43.57804489135742,8938300,0.0,0.0
2016-03-03 00:00:00-05:00,43.61394578014573,43.990932347559145,43.3985224387396,43.79346466064453,8853700,0.0,0.0
2016-03-04 00:00:00-05:00,44.035800858127864,44.0717018837649,43.50622220956774,43.68573760986328,8516400,0.0,0.0
2016-03-07 00:00:00-05:00,43.299796372194514,43.51521631973612,42.94973296537232,43.43443298339844,8291900,0.0,0.0
2016-03-08 00:00:00-05:00,41.92647385167897,42.276533786013275,41.29815948090665,41.486656188964844,13690500,0.0,0.0
2016-03-09 00:00:00-05:00,41.56743908161495,42.13291892779218,41.486655757298514,41.95340347290039,8448900,0.0,0.0
2016-03-10 00:00:00-05:00,42.1867790222168,42.626600139876246,41.540512375545966,42.1867790222168,8293400,0.0,0.0
2016-03-11 00:00:00-05:00,42.60865029927319,43.147203585696396,42.438105800143155,42.80611801147461,6661600,0.0,0.0
2016-03-14 00:00:00-04:00,42.635585247373044,43.29980429254084,42.47401854514409,42.98564529418945,5798900,0.0,0.0
2016-03-15 00:00:00-04:00,42.922806589369316,43.03051656379615,42.57274660445334,42.86894989013672,4751900,0.0,0.0
2016-03-16 00:00:00-04:00,42.60864881407385,43.80244314618086,42.51888765343991,43.775516510009766,6376600,0.0,0.0
2016-03-17 00:00:00-04:00,43.604975729566426,43.78449120394653,43.13822796329414,43.64087677001953,6578000,0.0,0.0
2016-03-18 00:00:00-04:00,43.68575054427271,45.14882477331625,43.604970644644595,44.9244270324707,12485200,0.0,0.0
2016-03-21 00:00:00-04:00,44.91546103052572,45.32835212914075,44.82569986297565,44.987266540527344,7284700,0.0,0.0
2016-03-22 00:00:00-04:00,43.72165764009302,44.64617871645196,43.263887727750635,44.3320198059082,13352500,0.0,0.0
2016-03-23 00:00:00-04:00,44.51154248513194,44.637204690436526,43.62292579556076,43.901180267333984,8783100,0.0,0.0
2016-03-24 00:00:00-04:00,43.515215499464915,43.58702442998406,42.50991444046478,42.940757751464844,9139000,0.0,0.0
2016-03-28 00:00:00-04:00,42.99461268244013,43.542140346975096,42.87792488716107,43.26388931274414,5887600,0.0,0.0
2016-03-29 00:00:00-04:00,43.174130720777384,44.14353075636618,43.11129961743792,44.09865188598633,7302100,0.0,0.0
2016-03-30 00:00:00-04:00,44.466668683444794,44.95136875118309,44.242270884385064,44.278175354003906,5779300,0.0,0.0
2016-03-31 00:00:00-04:00,44.31406152143393,44.64617261784609,43.676772807839015,43.694725036621094,6550500,0.0,0.0
2016-04-01 00:00:00-04:00,42.63556843008039,42.698399520159604,41.953400841775654,42.19574737548828,13932200,0.0,0.0
2016-04-04 00:00:00-04:00,42.28550286457664,43.371586903840296,41.97134403216973,42.321407318115234,7863200,0.0,0.0
2016-04-05 00:00:00-04:00,42.15985747347225,42.913834177547585,41.93545968564076,42.33039855957031,6506900,0.0,0.0
2016-04-06 00:00:00-04:00,42.384247091290504,42.474004819505936,42.05213596401011,42.366294860839844,5542600,0.0,0.0
2016-04-07 00:00:00-04:00,42.18677082955924,42.35731186196143,40.75960121134244,41.10966110229492,10434300,0.0,0.0
2016-04-08 00:00:00-04:00,41.378939787794906,41.845687474207686,40.984001018078374,41.54948425292969,5845000,0.0,0.0
2016-04-11 00:00:00-04:00,42.070088644453186,42.90484853712938,41.73798093765834,41.782859802246094,8880400,0.0,0.0
2016-04-12 00:00:00-04:00,42.03418271035246,42.420143640074194,41.75592830386355,41.85466384887695,8254600,0.0,0.0
2016-04-13 00:00:00-04:00,42.32141812703048,43.20105691916325,42.06111590845011,43.12027359008789,10882500,0.0,0.0
2016-04-14 00:00:00-04:00,43.93708388351734,44.700034928997106,43.32672167751823,43.524192810058594,15906500,0.0,0.0
2016-04-15 00:00:00-04:00,43.74859264973324,43.81142375414462,42.3214226334607,42.63557815551758,11822200,0.0,0.0
2016-04-18 00:00:00-04:00,42.77021194336612,42.77021194336612,41.477678729396324,41.782859802246094,11664700,0.0,0.0
2016-04-19 00:00:00-04:00,41.908524585815364,42.56376563664598,41.827741254943746,42.070091247558594,8759000,0.0,0.0
2016-04-20 00:00:00-04:00,42.09701591867445,42.6624957383547,41.80978709546102,41.827735900878906,8397200,0.0,0.0
2016-04-21 00:00:00-04:00,41.540504008554365,41.56743406276686,40.158216682980544,40.364662170410156,15330300,0.0,0.0
2016-04-22 00:00:00-04:00,38.98237832393901,40.095389272745734,38.7400283373348,40.05051040649414,14258600,0.0,0.0
2016-04-25 00:00:00-04:00,39.96074635830055,40.28387962270247,39.305505427279975,39.43116760253906,8774300,0.0,0.0
2016-04-26 00:00:00-04:00,39.628644013869845,39.96075172509108,38.65026968705017,39.12599182128906,11545700,0.0,0.0
2016-04-27 00:00:00-04:00,39.26960070360168,39.709421738058495,38.84773189749386,39.21574401855469,9097500,0.0,0.0
2016-04-28 00:00:00-04:00,38.99134987506825,39.31448316690094,38.38098775139268,38.47074890136719,10229800,0.0,0.0
2016-04-29 00:00:00-04:00,38.192499512015,38.336113946886414,36.998705164153556,37.402618408203125,16658500,0.0,0.0
2016-05-02 00:00:00-04:00,37.797556644794554,38.13864217528579,37.51930220886251,37.851409912109375,10701800,0.0,0.0
2016-05-03 00:00:00-04:00,38.52460861206055,38.7759364499958,37.54623759395089,38.52460861206055,14319500,0.0,0.0
2016-05-04 00:00:00-04:00,38.030936920908914,38.20148143462383,36.95382683191032,37.18720245361328,14925300,0.0,0.0
2016-05-05 00:00:00-04:00,37.33080043851901,37.941162438940154,37.20513827796826,37.47441482543945,10271100,0.0,0.0
2016-05-06 00:00:00-04:00,37.34875777775883,37.93218980647601,36.75634792260924,37.73472213745117,10777200,0.0,0.0
2016-05-09 00:00:00-04:00,37.91932869417655,38.576680681529716,37.81127172730085,38.18046951293945,10512100,0.135,0.0
2016-05-10 00:00:00-04:00,38.26152177351241,38.756786705329816,38.18948148921252,38.675743103027344,9299300,0.0,0.0
2016-05-11 00:00:00-04:00,38.44159979365027,38.99990146199839,38.081408825595275,38.09041213989258,9037700,0.0,0.0
2016-05-12 00:00:00-04:00,38.21648663743049,38.243503455752055,36.59561837596882,36.982826232910156,13454000,0.0,0.0
2016-05-13 00:00:00-04:00,36.69467026709301,37.98236081139405,36.69467026709301,37.460079193115234,10758600,0.0,0.0
2016-05-16 00:00:00-04:00,38.31553107468807,38.864825969178845,37.8652898083931,38.72074890136719,12303100,0.0,0.0
2016-05-17 00:00:00-04:00,38.53165157074143,39.981429117351304,38.49563144205172,39.324073791503906,16203000,0.0,0.0
2016-05-18 00:00:00-04:00,39.125972834679594,40.21555604475505,39.125972834679594,39.49517059326172,10382900,0.0,0.0
2016-05-19 00:00:00-04:00,38.963882473093626,39.513177408124974,38.315533902555835,38.81079864501953,8860800,0.0,0.0
2016-05-20 00:00:00-04:00,39.09895280190999,39.45914721555732,38.69373838039238,38.81079864501953,5964600,0.0,0.0
2016-05-23 00:00:00-04:00,38.72076656317987,39.2610549551498,38.6397229608774,38.675743103027344,5227000,0.0,0.0
2016-05-24 00:00:00-04:00,38.81080862791063,39.41413391069657,38.76578517339094,39.28806686401367,9359900,0.0,0.0
2016-05-25 00:00:00-04:00,39.333084781136336,39.720292618618636,39.06294065698026,39.170997619628906,7600800,0.0,0.0
2016-05-26 00:00:00-04:00,39.143980120348814,39.261040386293075,38.18046400332992,38.504634857177734,8512400,0.0,0.0
2016-05-27 00:00:00-04:00,38.5676704936457,39.116961981182286,38.54966042986391,38.82880783081055,5509400,0.0,0.0
2016-05-31 00:00:00-04:00,38.94587489987078,39.17999887916809,38.40558667991162,39.13497543334961,9315100,0.0,0.0
2016-06-01 00:00:00-04:00,39.13497685771862,39.36009753007328,38.78378915845636,39.18000030517578,7047600,0.0,0.0
2016-06-02 00:00:00-04:00,38.51364475374524,39.13497656822312,38.18046712294425,38.22549057006836,10103500,0.0,0.0
2016-06-03 00:00:00-04:00,38.018382478287016,38.18046964670295,37.14491311905324,37.433067321777344,15958000,0.0,0.0
2016-06-06 00:00:00-04:00,37.406048176935144,37.46007493470581,36.919786746588024,37.17192077636719,11538400,0.0,0.0
2016-06-07 00:00:00-04:00,37.23495451049218,38.54966173036794,36.91978697134954,37.910316467285156,11445900,0.0,0.0
2016-06-08 00:00:00-04:00,38.00037459116568,38.22549528964999,37.00984145679316,37.685203552246094,13861700,0.0,0.0
2016-06-09 00:00:00-04:00,37.5951543584804,38.342556680787524,37.388043740689874,38.18046951293945,7618100,0.0,0.0
2016-06-10 00:00:00-04:00,37.87430660694543,38.08141723218776,37.28899143142684,37.85629653930664,6787900,0.0,0.0
2016-06-13 00:00:00-04:00,37.4510740569652,37.550127699414666,36.496561198442485,36.5325813293457,9946500,0.0,0.0
2016-06-14 00:00:00-04:00,36.38850711530127,36.523580899324074,34.79465226514976,35.21788024902344,15065800,0.0,0.0
2016-06-15 00:00:00-04:00,35.451998996983264,35.821196725547225,34.96574100367919,35.01976776123047,11044000,0.0,0.0
2016-06-16 00:00:00-04:00,34.55151086931089,34.73160804749534,34.07425626692985,34.23634338378906,13086600,0.0,0.0
2016-06-17 00:00:00-04:00,34.16430338598393,34.43445087275161,33.93017945719565,34.22733688354492,11157800,0.0,0.0
2016-06-20 00:00:00-04:00,34.60554931629897,34.8756934305459,34.21834149301982,34.29938507080078,9921200,0.0,0.0
2016-06-21 00:00:00-04:00,34.8216552734375,35.118816135726284,34.263357106944994,34.8216552734375,11997900,0.0,0.0
2016-06-22 00:00:00-04:00,34.73161785449659,35.26290279086975,34.66858433959376,34.71360778808594,7029400,0.0,0.0
2016-06-23 00:00:00-04:00,35.11881780833253,35.18185130908049,33.975204611083775,34.49748611450195,10956200,0.0,0.0
2016-06-24 00:00:00-04:00,32.4984091635966,33.38988822936087,31.669963589495012,31.678970336914062,26090700,0.0,0.0
2016-06-27 00:00:00-04:00,31.37281393398241,31.46286081999111,29.35573139774347,30.04010009765625,28380600,0.0,0.0
2016-06-28 00:00:00-04:00,30.859539394961434,31.219730377197266,30.25621426123689,31.219730377197266,19678200,0.0,0.0
2016-06-29 00:00:00-04:00,31.877085981250996,32.759558532745565,31.435847987969424,32.63349151611328,15059700,0.0,0.0
2016-06-30 00:00:00-04:00,32.65150066042355,32.80458450317383,32.17424593639454,32.80458450317383,12413700,0.0,0.0
2016-07-01 00:00:00-04:00,32.786573979197094,33.31785889355106,32.696527085944744,33.110748291015625,9408400,0.0,0.0
2016-07-05 00:00:00-04:00,32.41737201620679,32.63348934107824,31.31878219865791,32.07518768310547,14239500,0.0,0.0
2016-07-06 00:00:00-04:00,31.48087517927334,32.066190323392426,30.688452856091455,32.03917694091797,14540000,0.0,0.0
2016-07-07 00:00:00-04:00,32.0031505876314,32.849602946319756,31.9671304612868,32.75054931640625,8775800,0.0,0.0
2016-07-08 00:00:00-04:00,33.22781457043064,33.993223527485476,33.19179443631607,33.651039123535156,12621000,0.0,0.0
2016-07-11 00:00:00-04:00,33.921171531723395,34.62355016384864,33.85813803634993,34.32638931274414,11994100,0.0,0.0
2016-07-12 00:00:00-04:00,35.29892234483703,36.38850558179719,35.23588883096786,36.20840835571289,19533000,0.0,0.0
2016-07-13 00:00:00-04:00,36.469545053009924,36.55959193837268,35.497022202763446,35.62309265136719,13885600,0.0,0.0
2016-07-14 00:00:00-04:00,36.316463749796455,37.23495294967326,36.163379926438054,36.90177536010742,18543000,0.0,0.0
2016-07-15 00:00:00-04:00,36.433524409119286,36.50556466444455,35.75816247325295,36.00129318237305,15192400,0.0,0.0
2016-07-18 00:00:00-04:00,36.17239326386341,36.48756431219514,36.07334303903049,36.10935974121094,8285500,0.0,0.0
2016-07-19 00:00:00-04:00,35.91124375314225,36.54158220229045,35.56905943473583,36.49655532836914,9297000,0.0,0.0
2016-07-20 00:00:00-04:00,36.640639637273885,37.11789780165762,35.96527761575941,36.20840835571289,9541900,0.0,0.0
2016-07-21 00:00:00-04:00,35.217877003134916,35.35294733963981,34.461471439473925,34.68659210205078,17399700,0.0,0.0
2016-07-22 00:00:00-04:00,35.18184780506822,35.28990473343569,34.60553960701798,35.082794189453125,9579300,0.0,0.0
2016-07-25 00:00:00-04:00,35.27189467286315,35.3529382279057,34.71359653538544,35.082794189453125,7160500,0.0,0.0
2016-07-26 00:00:00-04:00,35.09180530838806,35.41597956893816,34.76763104783796,35.14583206176758,9038700,0.0,0.0
2016-07-27 00:00:00-04:00,35.01076167024024,35.04677836072873,34.6685773475878,34.70459747314453,8671900,0.0,0.0
2016-07-28 00:00:00-04:00,34.66858509624163,35.6050879596216,34.4434644137985,35.44300079345703,7354100,0.0,0.0
2016-07-29 00:00:00-04:00,35.45199400278056,35.92925204935168,34.884692517998104,34.89369583129883,10468200,0.0,0.0
2016-08-01 00:00:00-04:00,35.046776847985264,35.57806165427603,34.92070984904645,35.551048278808594,8965300,0.0,0.0
2016-08-02 00:00:00-04:00,34.956735379982746,34.983748759628476,32.678515428029684,32.76856231689453,19993500,0.0,0.0
2016-08-03 00:00:00-04:00,32.75955867234412,33.200793232437356,32.570454711521286,32.849605560302734,10994100,0.0,0.0
2016-08-04 00:00:00-04:00,32.8856344923412,33.0297116126827,32.43539306189031,32.90364456176758,8825300,0.0,0.0
2016-08-05 00:00:00-04:00,33.29984517102632,33.97520710145969,33.19178822397614,33.92117691040039,8097500,0.0,0.0
2016-08-08 00:00:00-04:00,33.73207561502818,34.43445434229928,33.64202873374467,33.71406555175781,10029100,0.0,0.0
2016-08-09 00:00:00-04:00,33.99321864426794,34.27236949095151,33.443923700670126,33.45293045043945,8392000,0.0,0.0
2016-08-10 00:00:00-04:00,33.50091053938753,33.60956117403331,32.81278524804244,33.030086517333984,9604700,0.203,0.0
2016-08-11 00:00:00-04:00,33.12063934845172,33.54618920629269,32.84900751730539,33.22929000854492,7537900,0.0,0.0
2016-08-12 00:00:00-04:00,33.21116993705593,33.26549697599392,32.83088757237214,32.912376403808594,7700600,0.0,0.0
2016-08-15 00:00:00-04:00,32.912383350912975,33.54618512320732,32.450615511264424,33.4284782409668,10784600,0.0,0.0
2016-08-16 00:00:00-04:00,33.32888318287149,33.78159823230714,33.310774166421055,33.44658660888672,9253500,0.0,0.0
2016-08-17 00:00:00-04:00,33.52807855815023,33.98079364947364,33.23834117601861,33.962684631347656,10427900,0.0,0.0
2016-08-18 00:00:00-04:00,33.835917396316184,33.89024443855241,33.365093392092675,33.56428909301758,12103300,0.0,0.0
2016-08-19 00:00:00-04:00,33.328893061946864,33.4828145664871,32.93050148983285,33.29267501831055,7579600,0.0,0.0
2016-08-22 00:00:00-04:00,33.0753681774336,33.265511167865625,32.65887106304448,33.147804260253906,11186100,0.0,0.0
2016-08-23 00:00:00-04:00,33.301718952093196,33.618621568777876,33.15685026999049,33.22023010253906,7588400,0.0,0.0
2016-08-24 00:00:00-04:00,33.16591531952618,33.546194415879285,33.02104659892365,33.29267501831055,7548000,0.0,0.0
2016-08-25 00:00:00-04:00,33.17495568765742,33.32888058853364,32.9938689911907,33.021034240722656,6540000,0.0,0.0
2016-08-26 00:00:00-04:00,33.05725040788221,33.17495728434193,32.5049409652916,32.676971435546875,7882000,0.0,0.0
2016-08-29 00:00:00-04:00,32.83995218855779,33.13874234413323,32.830895952785895,33.09347152709961,5674600,0.0,0.0
2016-08-30 00:00:00-04:00,33.093484563856244,34.04418591184671,32.939563034518116,33.64579772949219,9950600,0.0,0.0
2016-08-31 00:00:00-04:00,33.79065394582271,33.79065394582271,32.61359540593642,33.274559020996094,13838000,0.0,0.0
2016-09-01 00:00:00-04:00,33.5009217643089,33.636737693579065,32.88522887178457,33.33794403076172,7127400,0.0,0.0
2016-09-02 00:00:00-04:00,33.20212346623685,33.944579400934344,33.20212346623685,33.65483856201172,10201900,0.0,0.0
2016-09-06 00:00:00-04:00,33.70917032296528,33.763497385461854,33.184022534601915,33.33794403076172,8041600,0.0,0.0
2016-09-07 00:00:00-04:00,33.908351646257074,35.474745014239716,33.872133620029004,35.22122573852539,16662100,0.0,0.0
2016-09-08 00:00:00-04:00,35.18502078732252,35.58340886205212,34.94960698329956,35.57435607910156,10542100,0.0,0.0
2016-09-09 00:00:00-04:00,35.393269375145486,35.66489776522415,34.17999267578125,34.17999267578125,11696700,0.0,0.0
2016-09-12 00:00:00-04:00,33.71821987345036,34.94054917870273,33.392264470998555,34.80473327636719,8572700,0.0,0.0
2016-09-13 00:00:00-04:00,34.58742524048522,34.86810631819338,33.854025727818886,33.98078536987305,10203900,0.0,0.0
2016-09-14 00:00:00-04:00,33.89025416744544,34.306751248996754,33.437539047339506,33.60956954956055,9468400,0.0,0.0
2016-09-15 00:00:00-04:00,33.582402061362465,34.06227890215932,33.33793552342585,33.76348876953125,9159400,0.0,0.0
2016-09-16 00:00:00-04:00,33.51903261012342,33.64579230890779,33.12969727588986,33.29267501831055,11257500,0.0,0.0
2016-09-19 00:00:00-04:00,33.41942973466881,34.170938485339356,33.36510267731383,34.01701354980469,8768200,0.0,0.0
2016-09-20 00:00:00-04:00,34.044177211129245,34.505948589014665,33.87214670102154,34.07134246826172,7551400,0.0,0.0
2016-09-21 00:00:00-04:00,34.216207863849526,34.67797574310418,33.93552326026049,34.45161819458008,8529600,0.0,0.0
2016-09-22 00:00:00-04:00,34.55121201211881,35.27555539156688,34.5421592309752,34.85905838012695,10917000,0.0,0.0
2016-09-23 00:00:00-04:00,34.569326404808706,35.24839907626942,34.569326404808706,35.11258316040039,6841200,0.0,0.0
2016-09-26 00:00:00-04:00,34.87716814020952,35.08541665037097,34.32485522224397,34.442562103271484,7854400,0.0,0.0
2016-09-27 00:00:00-04:00,34.40634533703109,35.538133012591324,34.388236319749105,35.501914978027344,9596600,0.0,0.0
2016-09-28 00:00:00-04:00,35.583410821312576,36.42546129371587,35.41138030424082,35.5200309753418,10552400,0.0,0.0
2016-09-29 00:00:00-04:00,35.36610492147942,35.927470679424204,35.329886884465665,35.33893966674805,7181000,0.0,0.0
2016-09-30 00:00:00-04:00,35.44759015082125,35.85503093673962,35.24839442156924,35.63772964477539,8889300,0.0,0.0
2016-10-03 00:00:00-04:00,35.538133090190115,36.262476513341916,35.50191505554705,36.1990966796875,11629700,0.0,0.0
2016-10-04 00:00:00-04:00,37.34899535699579,37.46670224886101,36.307749256375445,36.353023529052734,12479200,0.0,0.0
2016-10-05 00:00:00-04:00,36.362081664771175,36.65181909206476,36.26248377652477,36.50695037841797,7408700,0.0,0.0
2016-10-06 00:00:00-04:00,36.45262116877507,36.56127528806815,35.99085325057777,36.16288375854492,9184300,0.0,0.0
2016-10-07 00:00:00-04:00,36.09950030261746,36.153827356826234,35.13069028651743,35.26650619506836,10707000,0.0,0.0
2016-10-10 00:00:00-04:00,35.50191855078045,36.17193844187432,35.48380953167605,36.00896072387695,7994100,0.0,0.0
2016-10-11 00:00:00-04:00,36.44356094459118,36.45261372571264,35.12163384859052,35.2574462890625,12166600,0.0,0.0
2016-10-12 00:00:00-04:00,35.320830113401776,35.76449242524694,34.913389291964,35.556243896484375,11127500,0.0,0.0
2016-10-13 00:00:00-04:00,34.88622117060752,37.01398400986311,34.324855467297546,36.22625732421875,24274100,0.0,0.0
2016-10-14 00:00:00-04:00,36.624655691252464,36.8962840857579,36.054233645031346,36.2534294128418,12133300,0.0,0.0
2016-10-17 00:00:00-04:00,35.981798051239096,36.66087070847685,35.54718851113785,35.62867736816406,10535100,0.0,0.0
2016-10-18 00:00:00-04:00,35.66489546061416,36.461675013441635,35.3570490506996,35.728275299072266,13433800,0.0,0.0
2016-10-19 00:00:00-04:00,35.809756632917214,37.050194794346524,35.48380127278889,37.03208923339844,13814400,0.0,0.0
2016-10-20 00:00:00-04:00,36.95965269663677,37.61156340847629,36.87816385765683,37.539127349853516,14613500,0.0,0.0
2016-10-21 00:00:00-04:00,37.19508394305671,37.40333252871957,36.81480136414926,37.27656936645508,9050900,0.0,0.0
2016-10-24 00:00:00-04:00,37.47575825079539,37.801713700001024,37.25845692061987,37.45764923095703,8714100,0.0,0.0
2016-10-25 00:00:00-04:00,37.30372569045056,37.92847129775388,37.07736813584096,37.31277847290039,8696400,0.0,0.0
2016-10-26 00:00:00-04:00,36.3530295784545,38.399300629702125,36.262484471974645,37.48481750488281,14175900,0.0,0.0
2016-10-27 00:00:00-04:00,37.68400735513583,38.254429399678706,37.05020546719291,37.548194885253906,9546700,0.0,0.0
2016-10-28 00:00:00-04:00,37.47575559114034,37.919417910837375,37.122638364209095,37.430484771728516,8474700,0.0,0.0
2016-10-31 00:00:00-04:00,37.77454577406904,37.8650874046419,37.2403418642288,37.81981658935547,8697100,0.0,0.0
2016-11-01 00:00:00-04:00,37.88320410850326,38.46267895121235,37.62062849104367,37.9194221496582,10889300,0.0,0.0
2016-11-02 00:00:00-04:00,37.88319849386214,38.36307537924419,37.77454784044285,37.96468734741211,10361500,0.0,0.0
2016-11-03 00:00:00-04:00,38.08239438184132,38.544162251089126,37.819818802297455,37.955631256103516,8142800,0.0,0.0
2016-11-04 00:00:00-04:00,37.85604185108418,39.15080744835056,37.80171479000261,38.824851989746094,10813000,0.0,0.0
2016-11-07 00:00:00-05:00,39.29566800274196,40.39123760263488,38.96065637650687,40.0290641784668,11534700,0.0,0.0
2016-11-08 00:00:00-05:00,39.68614719003734,40.60484856681429,39.23134377245228,40.504791259765625,9732800,0.203,0.0
2016-11-09 00:00:00-05:00,39.74981632396561,41.37801326606461,39.63156647295228,41.159706115722656,13290300,0.0,0.0
2016-11-10 00:00:00-05:00,41.3143498512938,41.96017348304803,40.905029461571644,41.796443939208984,20759900,0.0,0.0
2016-11-11 00:00:00-05:00,41.61451158757448,42.70604045433824,41.1779007348439,42.187564849853516,10272900,0.0,0.0
2016-11-14 00:00:00-05:00,42.40586359133698,43.188125912370474,42.39676905103683,43.17903137207031,11932500,0.0,0.0
2016-11-15 00:00:00-05:00,44.58892223967085,44.789036830265694,42.7515162320367,43.3427619934082,14153200,0.0,0.0
2016-11-16 00:00:00-05:00,43.28819221306517,43.424634635079876,42.897060971156286,43.09717559814453,6886400,0.0,0.0
2016-11-17 00:00:00-05:00,43.12446055727916,44.1432192562395,42.94253849356755,44.12502670288086,8569700,0.0,0.0
2016-11-18 00:00:00-05:00,44.38881551890914,44.55254503662863,43.88853242359957,44.47977828979492,8250900,0.0,0.0
2016-11-21 00:00:00-05:00,44.55254939911892,44.72537347591208,44.12503300878156,44.21599578857422,8665000,0.0,0.0
2016-11-22 00:00:00-05:00,44.42520062726346,44.84361896371328,44.34333586840371,44.47977828979492,8941800,0.0,0.0
2016-11-23 00:00:00-05:00,44.3797236459004,44.83452711805792,44.234186673605,44.761756896972656,4723700,0.0,0.0
2016-11-25 00:00:00-05:00,44.72536394459369,44.94367109969788,44.470675155200894,44.789039611816406,2241400,0.0,0.0
2016-11-28 00:00:00-05:00,44.643502552108735,44.889093329902245,44.09773640066607,44.106834411621094,9227900,0.0,0.0
2016-11-29 00:00:00-05:00,44.14321058916525,44.61620647399755,43.87032928211271,44.19778823852539,7057000,0.0,0.0
2016-11-30 00:00:00-05:00,43.25180255014877,44.34333140170409,42.615077097585285,43.82485580444336,9245300,0.0,0.0
2016-12-01 00:00:00-05:00,43.62474360767019,44.51615790253692,43.29728458713247,43.45191955566406,9802400,0.0,0.0
2016-12-02 00:00:00-05:00,43.95220596210485,44.516161279211424,43.56107471011359,43.943111419677734,8869900,0.0,0.0
2016-12-05 00:00:00-05:00,44.12503358011665,44.397918453152705,43.28819681444028,43.497406005859375,9240200,0.0,0.0
2016-12-06 00:00:00-05:00,43.85215050444225,45.01644976733077,43.76119119681627,44.96187210083008,9142600,0.0,0.0
2016-12-07 00:00:00-05:00,44.97096762873712,46.690127727477964,44.734471341803996,46.48091506958008,10667600,0.0,0.0
2016-12-08 00:00:00-05:00,46.48091126298314,47.226788644370934,45.971533619035355,46.70831298828125,9489100,0.0,0.0
2016-12-09 00:00:00-05:00,47.29955997635447,47.99085971080233,46.62644932686903,47.09944534301758,8526700,0.0,0.0
2016-12-12 00:00:00-05:00,46.417241291086874,46.69922069318036,45.416675039577946,45.453060150146484,8648700,0.0,0.0
2016-12-13 00:00:00-05:00,45.498536761746756,46.117069720561176,45.13469262013537,45.171077728271484,8855500,0.0,0.0
2016-12-14 00:00:00-05:00,45.35300880310387,46.00792700007668,45.09831993533693,45.31662368774414,9555000,0.0,0.0
2016-12-15 00:00:00-05:00,45.91695759142749,47.06306427088566,45.87147793872282,45.935150146484375,10302100,0.0,0.0
2016-12-16 00:00:00-05:00,46.40813979094344,46.844750642684474,45.56220518135936,45.625877380371094,10039600,0.0,0.0
2016-12-19 00:00:00-05:00,45.68045096774366,46.15344688245274,45.65316040640274,45.862369537353516,4998300,0.0,0.0
2016-12-20 00:00:00-05:00,45.871477636391525,46.5263957346226,45.862379623985504,46.17164611816406,6176300,0.0,0.0
2016-12-21 00:00:00-05:00,46.09888072233638,46.526397101225065,45.88967153922867,46.31718444824219,4077700,0.0,0.0
2016-12-22 00:00:00-05:00,46.18073969783234,46.253506440720564,45.17107554993214,45.29841995239258,5407300,0.0,0.0
2016-12-23 00:00:00-05:00,45.425766820918625,45.607688892827426,45.28022985736657,45.380287170410156,4046300,0.0,0.0
2016-12-27 00:00:00-05:00,45.434861633263075,46.035201999371594,45.416669080365885,45.80780029296875,3365600,0.0,0.0
2016-12-28 00:00:00-05:00,45.7986996501857,45.89875695043404,44.98005563609605,45.034629821777344,4520200,0.0,0.0
2016-12-29 00:00:00-05:00,45.06192369543132,45.343899595168196,44.761751772631094,44.85271453857422,3348300,0.0,0.0
2016-12-30 00:00:00-05:00,44.87999555712551,45.08011014523218,44.45247928976098,44.743553161621094,4532400,0.0,0.0
2017-01-03 00:00:00-05:00,44.9072859907357,45.60768363136556,44.725363939814066,45.00734329223633,5423200,0.0,0.0
2017-01-04 00:00:00-05:00,45.562200957999316,46.32627074518981,45.47124167352099,46.117061614990234,7898600,0.0,0.0
2017-01-05 00:00:00-05:00,45.85327405049364,46.10796281859056,45.02553208430442,45.2347412109375,5806200,0.0,0.0
2017-01-06 00:00:00-05:00,45.289327331386225,45.75322531286169,44.77085168802399,45.18927001953125,6922700,0.0,0.0
2017-01-09 00:00:00-05:00,44.989151296424666,45.63497128880092,44.952766191815556,45.198360443115234,5332900,0.0,0.0
2017-01-10 00:00:00-05:00,45.416671806316614,46.70831191067036,45.35299960229213,46.32627868652344,8440500,0.0,0.0
2017-01-11 00:00:00-05:00,46.80836131312203,47.063053556057646,46.0715820853734,46.79016876220703,10001600,0.0,0.0
2017-01-12 00:00:00-05:00,46.6628289448964,47.2995544097721,45.18016886394826,46.28989028930664,14284800,0.0,0.0
2017-01-13 00:00:00-05:00,46.19892968766001,46.97209407105606,46.18983167663208,46.59915542602539,7380600,0.0,0.0
2017-01-17 00:00:00-05:00,46.38085027222251,46.590059410877,45.653162087490216,45.78050994873047,7477500,0.0,0.0
2017-01-18 00:00:00-05:00,45.60769026595293,46.20803069241417,45.289329232933724,45.75322723388672,7076500,0.0,0.0
2017-01-19 00:00:00-05:00,45.735036352345915,45.93515099177906,45.13469590392163,45.20746612548828,7012700,0.0,0.0
2017-01-20 00:00:00-05:00,45.27113750134595,45.971535256598145,45.21655983617529,45.935150146484375,7722400,0.0,0.0
2017-01-23 00:00:00-05:00,45.73502344034958,45.87146583232881,44.36151885986328,44.36151885986328,8753100,0.0,0.0
2017-01-24 00:00:00-05:00,44.48887576618292,45.26204028539359,44.407011001923834,44.97096633911133,6398100,0.0,0.0
2017-01-25 00:00:00-05:00,45.471241526845006,45.871467235082626,45.307512039412735,45.653160095214844,8096300,0.0,0.0
2017-01-26 00:00:00-05:00,46.107972072696796,46.88114001225785,45.98972567513299,46.29899215698242,8905600,0.0,0.0
2017-01-27 00:00:00-05:00,46.389954466945184,46.499106329420016,45.08921625038005,45.20746612548828,6852000,0.0,0.0
2017-01-30 00:00:00-05:00,44.52525334265688,44.52525334265688,43.242707899538864,43.36095428466797,12745600,0.0,0.0
2017-01-31 00:00:00-05:00,43.470108778846985,43.50649388275817,42.36038739867727,42.969825744628906,12533800,0.0,0.0
2017-02-01 00:00:00-05:00,43.18813265246483,43.45191947070163,42.78790688918727,42.98801803588867,8377500,0.0,0.0
2017-02-02 00:00:00-05:00,42.3785853193003,43.351864418038716,42.27852800580618,43.09717559814453,8795700,0.0,0.0
2017-02-03 00:00:00-05:00,43.22453248884441,43.661143507534646,43.124475146459496,43.488319396972656,5632300,0.0,0.0
2017-02-06 00:00:00-05:00,43.833952767695365,44.27966165007953,43.597456513896965,43.89762496948242,7169200,0.0,0.0
2017-02-07 00:00:00-05:00,44.061360287954756,44.51616377202897,43.7339046941165,43.797576904296875,7262900,0.0,0.0
2017-02-08 00:00:00-05:00,43.89763124653354,43.93401635843603,43.415540658388906,43.75209426879883,5342600,0.0,0.0
2017-02-09 00:00:00-05:00,43.75208736945023,45.07101797399128,43.75208736945023,44.870906829833984,7274700,0.0,0.0
2017-02-10 00:00:00-05:00,45.07101104802926,45.08920359831608,44.58892060998815,44.80722427368164,5322600,0.0,0.0
2017-02-13 00:00:00-05:00,44.90728879735785,45.86237528704442,44.825424042820444,45.53491973876953,6565900,0.0,0.0
2017-02-14 00:00:00-05:00,45.31660790878394,45.471242860282075,44.66168993984949,45.35299301147461,7024600,0.0,0.0
2017-02-15 00:00:00-05:00,46.3444674146353,47.263168761057635,45.96243075215178,46.544578552246094,12705000,0.0,0.0
2017-02-16 00:00:00-05:00,46.53548568235928,46.54458022399227,46.01701006241099,46.23531723022461,6626700,0.0,0.0
2017-02-17 00:00:00-05:00,46.01700763572137,46.59915542602539,45.653163531844086,46.59915542602539,5428000,0.0,0.0
2017-02-21 00:00:00-05:00,46.66283170650434,46.87204087008252,46.362663243935586,46.58096694946289,6406500,0.0,0.0
2017-02-22 00:00:00-05:00,46.57457242509434,46.7024236351463,46.09969401369833,46.51064682006836,4345100,0.203,0.0
2017-02-23 00:00:00-05:00,46.684154091409226,47.02205052326745,45.834852869597114,46.09968948364258,6470900,0.0,0.0
2017-02-24 00:00:00-05:00,46.00837599601332,46.13622721517961,45.55176250831402,46.0814323425293,8154700,0.0,0.0
2017-02-27 00:00:00-05:00,45.96271553061468,46.08143252964576,45.506102041061276,46.063167572021484,7574200,0.0,0.0
2017-02-28 00:00:00-05:00,46.11795493874557,46.209276228319034,45.53349032463406,45.597415924072266,6950200,0.0,0.0
2017-03-01 00:00:00-05:00,46.03577093261323,47.369081458660744,45.980976060865,46.60197067260742,14144700,0.0,0.0
2017-03-02 00:00:00-05:00,45.66134680806193,46.29147213988684,45.48783494431764,45.62481689453125,12527200,0.0,0.0
2017-03-03 00:00:00-05:00,45.67047770287583,46.24581165008286,45.40564453807134,45.780067443847656,11170800,0.0,0.0
2017-03-06 00:00:00-05:00,45.204728600484756,45.52435660115602,44.026665140266765,44.61112976074219,11368700,0.0,0.0
2017-03-07 00:00:00-05:00,44.30977088921008,44.44675283796645,43.44220461234937,43.50613021850586,10266200,0.0,0.0
2017-03-08 00:00:00-05:00,43.542657779204475,43.80749440964997,43.396541618214556,43.53352355957031,7165900,0.0,0.0
2017-03-09 00:00:00-05:00,43.55178959001898,44.15451920443835,42.885134371319076,43.14997100830078,8790500,0.0,0.0
2017-03-10 00:00:00-05:00,43.204762290134596,43.81662258994109,43.113437517539985,43.7526969909668,6263100,0.0,0.0
2017-03-13 00:00:00-04:00,43.743572472283056,44.035804818749455,43.076913730491945,43.241294860839844,6995300,0.0,0.0
2017-03-14 00:00:00-04:00,42.93991891474131,42.98557955200794,42.11801350920866,42.264129638671875,14313200,0.0,0.0
2017-03-15 00:00:00-04:00,41.944516034025455,43.369151396105636,41.305256442693924,43.09518051147461,17933000,0.0,0.0
2017-03-16 00:00:00-04:00,43.487862162467174,43.56092198354419,42.93992743912559,43.296085357666016,7899000,0.0,0.0
2017-03-17 00:00:00-04:00,43.48786065251011,43.51525982630466,42.474178314208984,42.474178314208984,12295000,0.0,0.0
2017-03-20 00:00:00-04:00,43.131706614663976,43.131706614663976,42.510712036112366,42.7846794128418,5867100,0.0,0.0
2017-03-21 00:00:00-04:00,42.98560021473528,43.08605575521979,41.48790829689171,41.570098876953125,10366200,0.0,0.0
2017-03-22 00:00:00-04:00,41.323524742614275,41.86232885098139,40.611208745808014,41.7710075378418,12064000,0.0,0.0
2017-03-23 00:00:00-04:00,41.88972218901932,42.209353734376315,41.524433473348665,41.93538284301758,5589200,0.0,0.0
2017-03-24 00:00:00-04:00,42.099759408422116,42.291539708265034,41.643145950700905,42.00843811035156,6290300,0.0,0.0
2017-03-27 00:00:00-04:00,41.433102937918385,42.24587431094289,41.168269787967695,42.09975814819336,9023000,0.0,0.0
2017-03-28 00:00:00-04:00,42.0997514915298,42.739010908863094,41.78925425932127,42.49243927001953,7321200,0.0,0.0
2017-03-29 00:00:00-04:00,42.391998159802,42.6020434477917,41.76187274688716,41.96278381347656,6321100,0.0,0.0
2017-03-30 00:00:00-04:00,42.02670197458202,42.44678550868488,41.92624645910435,42.255008697509766,4909100,0.0,0.0
2017-03-31 00:00:00-04:00,42.11802090977599,42.273271284181604,41.907979154496346,41.97190475463867,7052700,0.0,0.0
2017-04-03 00:00:00-04:00,41.971915945536566,42.31894321289644,41.61575794015782,42.30067825317383,7398100,0.0,0.0
2017-04-04 00:00:00-04:00,41.862322506039305,42.05409932477632,41.095211747407006,41.1956672668457,8765500,0.0,0.0
2017-04-05 00:00:00-04:00,41.48789813095595,42.0997584786206,41.13174019918886,41.168270111083984,8313400,0.0,0.0
2017-04-06 00:00:00-04:00,41.20480182131633,41.69794524406384,40.976495068231515,41.3326530456543,6080400,0.0,0.0
2017-04-07 00:00:00-04:00,41.29611807710074,41.469629919454896,40.86690035523895,41.25045394897461,9007300,0.0,0.0
2017-04-10 00:00:00-04:00,41.15913516773936,41.305251329067154,40.72991741972717,41.067813873291016,9945400,0.0,0.0
2017-04-11 00:00:00-04:00,41.09520975443929,41.387442078442795,40.62946557670998,41.36004638671875,10506800,0.0,0.0
2017-04-12 00:00:00-04:00,42.894266514576515,43.07690909871639,41.09520849459003,41.140869140625,14332800,0.0,0.0
2017-04-13 00:00:00-04:00,40.99474905187055,41.09520455372459,40.00846595409666,40.209373474121094,14894000,0.0,0.0
2017-04-17 00:00:00-04:00,40.300694670626775,40.59292693175678,40.18197422589167,40.50160217285156,7140300,0.0,0.0
2017-04-18 00:00:00-04:00,40.36463110874735,40.894300918022616,40.15458933233783,40.5564079284668,7973800,0.0,0.0
2017-04-19 00:00:00-04:00,40.92169843131813,41.643145030984,40.82124291544861,41.168270111083984,8488200,0.0,0.0
2017-04-20 00:00:00-04:00,41.46964055487601,42.163691585974775,41.323524364977075,41.94451904296875,7679200,0.0,0.0
2017-04-21 00:00:00-04:00,41.87145214865674,42.04496748994863,41.369178048268786,41.579219818115234,6396000,0.0,0.0
2017-04-24 00:00:00-04:00,42.46505587459694,42.857743766755725,42.07236798243816,42.7481575012207,12522600,0.0,0.0
2017-04-25 00:00:00-04:00,43.04951751156551,43.423940418638836,42.64769891099649,42.67509460449219,7873900,0.0,0.0
2017-04-26 00:00:00-04:00,42.67509096399142,42.97645750147264,42.31893304419292,42.34632873535156,7610700,0.0,0.0
2017-04-27 00:00:00-04:00,41.716212659747164,41.88059381034627,40.96736674421115,41.7710075378418,12388000,0.0,0.0
2017-04-28 00:00:00-04:00,41.91711921834406,42.04497043645525,41.360050210558676,41.497032165527344,6600000,0.0,0.0
2017-05-01 00:00:00-04:00,41.634018311925956,42.00844123576694,41.460506439208984,41.460506439208984,6378900,0.0,0.0
2017-05-02 00:00:00-04:00,41.70707931888368,43.77097448279249,41.56096312456415,43.67965316772461,12931000,0.0,0.0
2017-05-03 00:00:00-04:00,43.524397291294974,44.282377349267804,43.41481103022479,44.11799621582031,9912400,0.0,0.0
2017-05-04 00:00:00-04:00,44.25497237319623,44.56546964195249,44.017534924704485,44.41935348510742,7467400,0.0,0.0
2017-05-05 00:00:00-04:00,44.41021838732307,44.7755070017141,44.06319124252051,44.474143981933594,5275200,0.0,0.0
2017-05-08 00:00:00-04:00,44.50154931685922,44.83031157965739,44.200186231750486,44.30977249145508,8671600,0.0,0.0
2017-05-09 00:00:00-04:00,44.74812076518391,45.60655284818556,44.638534506088554,45.25952911376953,8759600,0.0,0.0
2017-05-10 00:00:00-04:00,45.067757395979136,45.652225684488336,44.9307754169213,45.63396072387695,7548700,0.0,0.0
2017-05-11 00:00:00-04:00,45.67047865535731,45.82572904979641,44.665930394621974,45.37824630737305,8817400,0.0,0.0
2017-05-12 00:00:00-04:00,45.19561197585655,45.26866833438364,44.656807832439824,44.73899841308594,7180500,0.0,0.0
2017-05-15 00:00:00-04:00,44.857697861336284,45.39650179371483,44.748111624625764,45.2138557434082,5539300,0.0,0.0
2017-05-16 00:00:00-04:00,45.31431124526104,45.332576198660064,44.5472006209201,45.2138557434082,6422800,0.0,0.0
2017-05-17 00:00:00-04:00,45.2166158745977,45.2166158745977,43.7127547336776,43.776947021484375,8274500,0.203,0.0
2017-05-18 00:00:00-04:00,43.68524642435571,44.281289186698764,43.60271748030862,43.70358657836914,5071000,0.0,0.0
2017-05-19 00:00:00-04:00,43.877817319729964,44.602237736852345,43.841140505947195,44.19876480102539,6137000,0.0,0.0
2017-05-22 00:00:00-04:00,44.35465022829467,44.67559770488036,44.327141743854504,44.464691162109375,6548300,0.0,0.0
2017-05-23 00:00:00-04:00,44.52887655794337,44.776463393082125,44.29962987704009,44.5563850402832,5592300,0.0,0.0
2017-05-24 00:00:00-04:00,44.629739023003026,44.90483781917678,44.45551281704928,44.81313705444336,5139600,0.0,0.0
2017-05-25 00:00:00-04:00,44.92318195356837,46.243641600520576,44.895669972696766,46.21613311767578,7421000,0.0,0.0
2017-05-26 00:00:00-04:00,46.133606140750615,46.720477120007565,46.133606140750615,46.58292770385742,5778500,0.0,0.0
2017-05-30 00:00:00-04:00,46.39035809318753,46.39035809318753,44.96902938327394,44.987369537353516,10523500,0.0,0.0
2017-05-31 00:00:00-04:00,45.106576413822715,45.25329415208213,44.49219697799481,45.05155944824219,8088900,0.0,0.0
2017-06-01 00:00:00-04:00,45.22579009255035,45.91353021378502,45.20744993622083,45.7117919921875,7431600,0.0,0.0
2017-06-02 00:00:00-04:00,46.35367701443187,47.57327100524865,46.30782837900848,46.940547943115234,11872100,0.0,0.0
2017-06-05 00:00:00-04:00,46.75715076810108,47.21564409256636,46.37201455657648,47.12394332885742,9018000,0.0,0.0
2017-06-06 00:00:00-04:00,46.90387295210526,47.399043131113466,46.81217217967649,46.977230072021484,6826300,0.0,0.0
2017-06-07 00:00:00-04:00,46.775498966733174,48.141810949969084,46.44538662999062,47.930904388427734,10888400,0.0,0.0
2017-06-08 00:00:00-04:00,47.93089301921441,49.01293755517577,47.86670423301556,48.453575134277344,9057200,0.0,0.0
2017-06-09 00:00:00-04:00,48.50859714081091,49.12297654203928,48.288518796802386,48.60946273803711,9709000,0.0,0.0
2017-06-12 00:00:00-04:00,48.55445482409264,48.572794981013416,47.105613909596876,47.91256332397461,9751100,0.0,0.0
2017-06-13 00:00:00-04:00,47.921722605519676,48.45357656172319,47.18813395733087,47.5640983581543,8280600,0.0,0.0
2017-06-14 00:00:00-04:00,47.69248540392568,47.86671514735803,47.261503955181105,47.60078811645508,6019000,0.0,0.0
2017-06-15 00:00:00-04:00,47.344027355311354,47.53659373521026,46.692964097801365,47.27983856201172,6871200,0.0,0.0
2017-06-16 00:00:00-04:00,47.27067428466622,47.683319091796875,46.995578912588265,47.683319091796875,6254500,0.0,0.0
2017-06-19 00:00:00-04:00,47.775017403665615,48.26102285267988,47.628299635554846,48.15098190307617,7674700,0.0,0.0
2017-06-20 00:00:00-04:00,48.3068597174558,48.416897142194244,47.37153286211238,47.46323013305664,7050100,0.0,0.0
2017-06-21 00:00:00-04:00,47.729166156506736,48.2151715790412,47.45407079354095,47.930904388427734,5135100,0.0,0.0
2017-06-22 00:00:00-04:00,48.59112906060798,48.783695437150804,47.83919671301001,48.42607116699219,7240900,0.0,0.0
2017-06-23 00:00:00-04:00,48.41689815036286,48.75618225755341,48.251840260804926,48.52693557739258,15792900,0.0,0.0
2017-06-26 00:00:00-04:00,48.618639963188635,49.324720210346015,48.325204470607254,48.4810905456543,6127500,0.0,0.0
2017-06-27 00:00:00-04:00,48.47191528719509,48.79285921818935,48.233496797290925,48.453575134277344,5921800,0.0,0.0
2017-06-28 00:00:00-04:00,48.82954499319922,49.70068311521848,48.82954499319922,49.370567321777344,6745200,0.0,0.0
2017-06-29 00:00:00-04:00,49.61815729396351,50.00329007856596,49.2238526822836,49.39807891845703,7188300,0.0,0.0
2017-06-30 00:00:00-04:00,49.5172808123218,49.77403596383199,49.269693988496996,49.278865814208984,5012800,0.0,0.0
2017-07-03 00:00:00-04:00,49.75569831914016,50.168343046320565,49.27886829887254,49.572303771972656,3532100,0.0,0.0
2017-07-05 00:00:00-04:00,49.65483498489127,50.07664805948139,49.27887054918669,49.81989288330078,5793000,0.0,0.0
2017-07-06 00:00:00-04:00,49.68235256801863,50.28756380702326,49.416425516539796,49.8565788269043,6221400,0.0,0.0
2017-07-07 00:00:00-04:00,50.02162888874432,50.89276704222566,49.7740420347216,50.85608673095703,7493300,0.0,0.0
2017-07-10 00:00:00-04:00,50.470962118853976,51.12202200803961,50.10416594290365,50.26005554199219,7971800,0.0,0.0
2017-07-11 00:00:00-04:00,50.269213912181336,50.47095211878535,49.68234294536263,49.77404022216797,5442100,0.0,0.0
2017-07-12 00:00:00-04:00,50.25087271687068,50.9752930819266,50.205024079417214,50.87442398071289,12101600,0.0,0.0
2017-07-13 00:00:00-04:00,50.021621490957656,50.461774667005116,49.35222165042549,49.975772857666016,13257400,0.0,0.0
2017-07-14 00:00:00-04:00,49.975775634913894,50.791893246148405,49.88407836323482,50.5534782409668,9228700,0.0,0.0
2017-07-17 00:00:00-04:00,50.61767034402589,50.70019929314983,50.07664801044162,50.104156494140625,5387400,0.0,0.0
2017-07-18 00:00:00-04:00,49.97577592965574,49.97577592965574,49.40724514623374,49.4806022644043,6421200,0.0,0.0
2017-07-19 00:00:00-04:00,49.3063783204472,49.829060491849056,48.691995374572386,49.3247184753418,10733000,0.0,0.0
2017-07-20 00:00:00-04:00,49.32471868191122,49.434756113712744,48.380219940031964,48.44441223144531,8418300,0.0,0.0
2017-07-21 00:00:00-04:00,48.18766089673515,48.32521033094995,47.747507604486195,47.92173385620117,6847600,0.0,0.0
2017-07-24 00:00:00-04:00,47.830029607759606,48.05927629941835,47.15145786131787,47.25232696533203,8208700,0.0,0.0
2017-07-25 00:00:00-04:00,47.60995147342069,47.87587847654918,46.8396859438517,46.89470291137695,5815200,0.0,0.0
2017-07-26 00:00:00-04:00,46.90387253347245,47.01390996137807,46.42703901517911,46.88553237915039,8065100,0.0,0.0
2017-07-27 00:00:00-04:00,46.216138299306344,46.747988849420594,45.418357227094155,45.92270278930664,12402000,0.0,0.0
2017-07-28 00:00:00-04:00,45.84016758267312,46.19779184309249,45.299145279005515,46.15194320678711,8652600,0.0,0.0
2017-07-31 00:00:00-04:00,46.280322280396724,46.49122881262551,45.17076565706883,45.26246643066406,9575700,0.0,0.0
2017-08-01 00:00:00-04:00,45.647609018111126,46.032745354115235,45.170775386787156,45.913536071777344,7849800,0.0,0.0
2017-08-02 00:00:00-04:00,45.85850524902344,46.12443224269035,45.37250339703184,45.85850524902344,5215100,0.0,0.0
2017-08-03 00:00:00-04:00,45.95937219420115,46.52790646393081,45.78514598136398,46.37201690673828,5250300,0.0,0.0
2017-08-04 00:00:00-04:00,46.52790829017353,46.58292525532016,46.161112198404346,46.40869903564453,4426500,0.0,0.0
2017-08-07 00:00:00-04:00,46.9497197574871,47.270663703398675,46.482054581414054,46.53707504272461,6241700,0.0,0.0
2017-08-08 00:00:00-04:00,46.5370788791569,46.80300588370712,46.0602453359028,46.13360595703125,5847200,0.0,0.0
2017-08-09 00:00:00-04:00,45.84934118708898,45.94103847025231,45.39084777521809,45.54673385620117,6692200,0.0,0.0
2017-08-10 00:00:00-04:00,45.45504187085047,45.52840250435306,44.91401944186524,44.96903991699219,8925200,0.0,0.0
2017-08-11 00:00:00-04:00,44.886507090649694,45.46420978667256,44.437181994181415,45.37250900268555,6318900,0.0,0.0
2017-08-14 00:00:00-04:00,45.84017893512698,46.06942567145422,45.53757156412178,45.913536071777344,4666000,0.0,0.0
2017-08-15 00:00:00-04:00,46.07858540291366,46.15194602390158,45.72096112066491,45.775978088378906,4067600,0.0,0.0
2017-08-16 00:00:00-04:00,46.06941692556418,46.30783194695128,45.91352735548163,45.96854782104492,3696000,0.0,0.0
2017-08-17 00:00:00-04:00,45.86767574014,45.98688499211144,43.55686880683522,43.58437728881836,12043200,0.0,0.0
2017-08-18 00:00:00-04:00,43.75860700278279,44.12539958865591,43.37347076488531,43.58437728881836,8395100,0.0,0.0
2017-08-21 00:00:00-04:00,43.82895980163637,44.207352435786355,43.69974955530045,44.124290466308594,4650400,0.305,0.0
2017-08-22 00:00:00-04:00,44.2257964199875,44.364234174572125,43.459783800976076,43.515159606933594,6762800,0.0,0.0
2017-08-23 00:00:00-04:00,43.3398057900475,43.37672299499166,42.26000395006902,42.619937896728516,10997800,0.0,0.0
2017-08-24 00:00:00-04:00,42.89680714920644,42.91526575049804,41.53090233919165,41.72471237182617,13780200,0.0,0.0
2017-08-25 00:00:00-04:00,41.92775789751928,43.4321006159332,41.85392348454797,43.08139419555664,13938800,0.0,0.0
2017-08-28 00:00:00-04:00,43.21983356209431,43.570536474855814,43.053709647367825,43.33058166503906,7816400,0.0,0.0
2017-08-29 00:00:00-04:00,42.58302411694189,43.19214396504127,42.3246107027842,43.02602005004883,5648800,0.0,0.0
2017-08-30 00:00:00-04:00,42.878354483783426,43.37672622579423,42.54610665577622,43.21983337402344,5960200,0.0,0.0
2017-08-31 00:00:00-04:00,43.37673438785182,43.690523671056795,43.229069049909434,43.552085876464844,5937200,0.0,0.0
2017-09-01 00:00:00-04:00,43.76433922843867,44.16119034507092,43.644363603870325,43.856632232666016,6099600,0.0,0.0
2017-09-05 00:00:00-04:00,43.1644541772173,43.6259086753437,42.21385903767482,42.306148529052734,11344700,0.0,0.0
2017-09-06 00:00:00-04:00,41.733956303622996,43.79204345400948,41.152522505785775,43.73666763305664,18675300,0.0,0.0
2017-09-07 00:00:00-04:00,43.653604099868964,44.11505869610568,43.34904589707471,43.48748016357422,7329100,0.0,0.0
2017-09-08 00:00:00-04:00,43.35826200184186,44.08736091650521,43.27520005560656,43.792030334472656,6110700,0.0,0.0
2017-09-11 00:00:00-04:00,44.25348948780413,45.41635333742719,44.24425842579187,45.056419372558594,12512600,0.0,0.0
2017-09-12 00:00:00-04:00,45.16717504610786,45.37021619700058,44.798013477943776,45.25946807861328,5813300,0.0,0.0
2017-09-13 00:00:00-04:00,45.18562769964168,45.34252407392103,44.89029707577098,45.20408630371094,6255100,0.0,0.0
2017-09-14 00:00:00-04:00,45.13025418587574,45.14870926882648,44.42884133271381,44.54882049560547,6283900,0.0,0.0
2017-09-15 00:00:00-04:00,44.345782462316876,44.714947518151874,44.161199934399384,44.530364990234375,17746200,0.0,0.0
2017-09-18 00:00:00-04:00,44.604200935929676,44.71494904822223,44.087370544199395,44.26272201538086,6011400,0.0,0.0
2017-09-19 00:00:00-04:00,44.30885344449408,45.204076177918715,44.068898686581456,44.20733642578125,6782300,0.0,0.0
2017-09-20 00:00:00-04:00,44.299638270782836,44.85338234092005,44.09659713544369,44.33655548095703,5535000,0.0,0.0
2017-09-21 00:00:00-04:00,44.299627045221506,44.6226437508457,43.76433819519509,44.44729232788086,6235600,0.0,0.0
2017-09-22 00:00:00-04:00,44.53958867831431,44.908753702205225,44.39192337288166,44.733402252197266,4601600,0.0,0.0
2017-09-25 00:00:00-04:00,44.687252566466896,44.908752277900184,44.133508568811386,44.59496307373047,6603400,0.0,0.0
2017-09-26 00:00:00-04:00,44.724172117672836,45.268688602862966,44.54882066402873,44.76108932495117,5232000,0.0,0.0
2017-09-27 00:00:00-04:00,45.130246776731624,45.48094962511819,43.48746653494238,44.04121398925781,11658300,0.0,0.0
2017-09-28 00:00:00-04:00,43.80126804919275,44.964135566601584,43.80126804919275,44.58574295043945,8309100,0.0,0.0
2017-09-29 00:00:00-04:00,44.66880183708847,44.899529112030834,44.29963678893317,44.50267791748047,5533100,0.0,0.0
2017-10-02 00:00:00-04:00,44.62265215216575,44.77954852487859,44.20734588691954,44.36423873901367,8604800,0.0,0.0
2017-10-03 00:00:00-04:00,44.43807453952968,47.40983944525402,44.43807453952968,47.29909133911133,16065400,0.0,0.0
2017-10-04 00:00:00-04:00,47.27140440467766,48.05587571775714,47.04990467546603,47.5851936340332,8265100,0.0,0.0
2017-10-05 00:00:00-04:00,47.539045549447465,47.77900388375102,47.3083182775657,47.69594192504883,5276300,0.0,0.0
2017-10-06 00:00:00-04:00,47.437531913541356,48.47118918002346,47.437531913541356,48.00050354003906,6735400,0.0,0.0
2017-10-09 00:00:00-04:00,48.05587038905819,48.3881181857248,47.47443674489162,47.751312255859375,4624800,0.0,0.0
2017-10-10 00:00:00-04:00,48.665003808075554,49.56945444090066,48.42504895472169,48.6373176574707,11332100,0.0,0.0
2017-10-11 00:00:00-04:00,49.26488956167857,49.809406080543496,48.45272855442165,48.97878646850586,11817800,0.0,0.0
2017-10-12 00:00:00-04:00,49.006462603736814,49.089524547971685,48.489635857935994,49.01569366455078,5819300,0.0,0.0
2017-10-13 00:00:00-04:00,49.01569962355154,49.87400531145286,48.93263766921855,49.8001708984375,7242800,0.0,0.0
2017-10-16 00:00:00-04:00,49.63405066179569,49.69865401765431,49.17259610816615,49.486385345458984,4810900,0.0,0.0
2017-10-17 00:00:00-04:00,49.38486602142311,49.89246885966695,48.60039466878634,48.692684173583984,6547600,0.0,0.0
2017-10-18 00:00:00-04:00,48.77574208244731,49.02492794943408,48.60961817112279,48.78497314453125,5402400,0.0,0.0
2017-10-19 00:00:00-04:00,48.51733530668779,48.72960399559484,47.40984358666127,48.24046325683594,9567800,0.0,0.0
2017-10-20 00:00:00-04:00,48.56346836499291,49.17258813620744,48.48040641798101,49.163360595703125,6707800,0.0,0.0
2017-10-23 00:00:00-04:00,49.19105102136284,49.24642683106563,48.203538632350586,48.24968338012695,4095100,0.0,0.0
2017-10-24 00:00:00-04:00,48.45272852712086,49.26488953392017,48.01896011656574,49.08030700683594,5306700,0.0,0.0
2017-10-25 00:00:00-04:00,49.1541482097741,49.1910654270539,48.11126322626693,48.21278381347656,6043500,0.0,0.0
2017-10-26 00:00:00-04:00,48.79419577890223,49.48637749960407,46.828402226954154,47.003753662109375,10913600,0.0,0.0
2017-10-27 00:00:00-04:00,46.99452916610639,47.28986331383296,46.099309742956635,46.66228485107422,7574000,0.0,0.0
2017-10-30 00:00:00-04:00,46.3484954588964,46.76380173140048,46.15468187502656,46.450016021728516,3960500,0.0,0.0
2017-10-31 00:00:00-04:00,46.42232736076406,46.66228570004164,46.099310581681365,46.17314147949219,4755400,0.0,0.0
2017-11-01 00:00:00-04:00,46.32080241014259,47.00375663348049,46.09930621706223,46.468467712402344,5833700,0.0,0.0
2017-11-02 00:00:00-04:00,46.58844283322215,46.59767389416131,45.813199183388214,46.45923614501953,6437200,0.0,0.0
2017-11-03 00:00:00-04:00,46.59768369745528,46.78226270765207,46.0347085627458,46.51462173461914,4145000,0.0,0.0
2017-11-06 00:00:00-05:00,46.514612143923394,47.22524893201885,46.40386053589809,46.671504974365234,6259900,0.0,0.0
2017-11-07 00:00:00-05:00,46.67151305561291,46.71765780663772,45.92395541478332,46.06239318847656,4427000,0.0,0.0
2017-11-08 00:00:00-05:00,45.91472547782587,46.51461777171327,45.6470810069765,46.200828552246094,3511700,0.0,0.0
2017-11-09 00:00:00-05:00,45.86857755523098,46.1362220075601,45.32406110973515,45.397891998291016,5594200,0.0,0.0
2017-11-10 00:00:00-05:00,45.39789710978986,45.564021028518006,45.06565279295237,45.12102508544922,7048500,0.0,0.0
2017-11-13 00:00:00-05:00,44.853375887012064,45.13025140286026,44.60419355573818,45.09333419799805,5182500,0.0,0.0
2017-11-14 00:00:00-05:00,45.05642223451849,45.213318613125345,44.81646741623716,45.13025665283203,4855600,0.0,0.0
2017-11-15 00:00:00-05:00,44.90876007874342,45.72092113425001,44.61342942594449,45.5271110534668,6561300,0.0,0.0
2017-11-16 00:00:00-05:00,45.93106002351561,47.03615655760592,45.89391314753318,46.850425720214844,6969900,0.305,0.0
2017-11-17 00:00:00-05:00,46.478970110363115,46.608980650745316,45.99607128714243,46.265380859375,5005600,0.0,0.0
2017-11-20 00:00:00-05:00,46.28395013614621,46.33967045237814,45.61532051144791,46.237518310546875,4254700,0.0,0.0
2017-11-21 00:00:00-05:00,46.43253895478345,47.06402176797023,46.19109131092808,47.05473327636719,4833900,0.0,0.0
2017-11-22 00:00:00-05:00,46.934019070398186,47.20332869155436,46.68328289303094,46.81329345703125,4160200,0.0,0.0
2017-11-24 00:00:00-05:00,46.87828680858043,46.87828680858043,46.413961459593864,46.53468704223633,1841200,0.0,0.0
2017-11-27 00:00:00-05:00,46.47896680164462,46.581118945393406,45.87534597248013,46.051788330078125,5032300,0.0,0.0
2017-11-28 00:00:00-05:00,45.791762747530235,47.064013088354955,45.578173532831265,46.97114944458008,8571700,0.0,0.0
2017-11-29 00:00:00-05:00,47.203322279523945,48.9863301307936,47.0825966825562,48.38270568847656,10936400,0.0,0.0
2017-11-30 00:00:00-05:00,48.75416394548702,49.68281468730583,48.54057469997127,49.144195556640625,9432600,0.0,0.0
2017-12-01 00:00:00-05:00,48.80059503933208,49.75710769791878,48.06696011413568,48.345558166503906,8852400,0.0,0.0
2017-12-04 00:00:00-05:00,49.469225417188035,50.26786562155846,48.7541639212406,49.134910583496094,8867100,0.0,0.0
2017-12-05 00:00:00-05:00,49.06990926176182,49.37636218894689,48.57772546286248,48.652015686035156,5536800,0.0,0.0
2017-12-06 00:00:00-05:00,48.48486076417319,49.01419147330535,48.37342365238798,48.56843948364258,4190400,0.0,0.0
2017-12-07 00:00:00-05:00,48.28984185612127,49.599239349365234,48.21554809131683,49.599239349365234,7115200,0.0,0.0
2017-12-08 00:00:00-05:00,50.10071615334763,50.722910548359586,49.562096937496676,49.64567565917969,6642700,0.0,0.0
2017-12-11 00:00:00-05:00,49.88712085048438,50.9457821689609,49.68281654603397,50.49074172973633,7356000,0.0,0.0
2017-12-12 00:00:00-05:00,50.58360959896243,50.88077756797329,49.71996408198661,49.794254302978516,6030500,0.0,0.0
2017-12-13 00:00:00-05:00,49.970696689697405,50.11928066370557,49.33921391453236,49.80353927612305,6289300,0.0,0.0
2017-12-14 00:00:00-05:00,50.96434931319057,51.6329753807945,50.072841985516746,51.30794906616211,13621800,0.0,0.0
2017-12-15 00:00:00-05:00,51.43796788653326,52.45948590478271,51.41010949579285,52.09730911254883,14378900,0.0,0.0
2017-12-18 00:00:00-05:00,52.487343949376715,52.71950665074028,51.902292950034465,52.06945037841797,8709800,0.0,0.0
2017-12-19 00:00:00-05:00,52.19017905706274,52.35733649531753,51.53083779645881,51.77228546142578,6444100,0.0,0.0
2017-12-20 00:00:00-05:00,52.00445115857687,52.57092878264347,51.70728314964391,52.20875549316406,7234700,0.0,0.0
2017-12-21 00:00:00-05:00,52.45947722198869,52.784503535236,51.91157319214243,52.03229522705078,8245100,0.0,0.0
2017-12-22 00:00:00-05:00,52.1623057523497,52.21802606712973,51.883711263491854,52.03229522705078,3891800,0.0,0.0
2017-12-26 00:00:00-05:00,51.91156771020013,52.728777652215044,51.90227922079044,52.403751373291016,3276700,0.0,0.0
2017-12-27 00:00:00-05:00,52.34804174616301,52.45948238669453,51.930148200473496,52.11587905883789,3766400,0.0,0.0
2017-12-28 00:00:00-05:00,52.17160265126258,52.47805557564105,51.995160273136904,52.329471588134766,3651800,0.0,0.0
2017-12-29 00:00:00-05:00,52.49663175709429,52.64521575235631,51.995162987161166,52.00444793701172,3120200,0.0,0.0
2018-01-02 00:00:00-05:00,52.273749233883514,52.69164276123047,51.88371409418591,52.69164276123047,5297600,0.0,0.0
2018-01-03 00:00:00-05:00,52.44091424502115,52.56163630401202,51.140801647633815,51.7165641784668,9332000,0.0,0.0
2018-01-04 00:00:00-05:00,51.75371106239714,51.87443666390983,51.010791096399444,51.7165641784668,9026100,0.0,0.0
2018-01-05 00:00:00-05:00,51.7444264904042,52.05087942876202,51.44725850183583,51.97658920288086,5191300,0.0,0.0
2018-01-08 00:00:00-05:00,51.930150484243285,52.0323026379622,50.61146806265424,50.77862548828125,9654700,0.0,0.0
2018-01-09 00:00:00-05:00,50.89006659974317,51.28010180443602,50.035709505927635,50.305015563964844,10374700,0.0,0.0
2018-01-10 00:00:00-05:00,50.83434749725211,51.95801414039063,50.81577405573059,51.87443542480469,12318300,0.0,0.0
2018-01-11 00:00:00-05:00,53.025956724185654,54.976125436327415,52.24588994783325,54.344642639160156,25935300,0.0,0.0
2018-01-12 00:00:00-05:00,54.8925503924993,56.18337446209774,54.70681952048389,55.561180114746094,12268400,0.0,0.0
2018-01-16 00:00:00-05:00,55.904776568199544,56.45268065935589,54.6975312863782,55.115421295166016,12082900,0.0,0.0
2018-01-17 00:00:00-05:00,55.37545143278087,55.86763525194368,55.22686743779652,55.45903015136719,6088100,0.0,0.0
2018-01-18 00:00:00-05:00,55.53330878484303,55.765471449949,55.003978191803114,55.208282470703125,5846600,0.0,0.0
2018-01-19 00:00:00-05:00,55.431156960513405,55.737613380605595,54.86468303015225,55.72832489013672,6192400,0.0,0.0
2018-01-22 00:00:00-05:00,55.62617822064245,55.867625843384594,55.15256438090644,55.83976745605469,7055600,0.0,0.0
2018-01-23 00:00:00-05:00,55.81191022179625,55.97906764488159,55.171142461650184,55.6540412902832,7427100,0.0,0.0
2018-01-24 00:00:00-05:00,52.413041612703026,53.063097778712695,51.59583158816852,52.74735641479492,21197900,0.0,0.0
2018-01-25 00:00:00-05:00,52.93309706013587,53.063107608918685,50.602185046548236,50.89935302734375,18385800,0.0,0.0
2018-01-26 00:00:00-05:00,51.36367704273607,51.91158115664418,50.91792508367007,51.31724166870117,9431500,0.0,0.0
2018-01-29 00:00:00-05:00,51.07579357643546,52.190175235698376,51.07579357643546,51.78156661987305,8781700,0.0,0.0
2018-01-30 00:00:00-05:00,51.63298024409905,52.50591421565527,51.465822825823246,52.11587905883789,7026800,0.0,0.0
2018-01-31 00:00:00-05:00,52.283042092102946,53.1838345492728,52.2273253083749,52.71950912475586,8609600,0.0,0.0
2018-02-01 00:00:00-05:00,52.478045097838994,53.100242856776795,52.00443483926209,52.394466400146484,5492900,0.0,0.0
2018-02-02 00:00:00-05:00,52.07873702557628,52.255179397054924,50.64861398562867,50.722904205322266,8963000,0.0,0.0
2018-02-05 00:00:00-05:00,50.14714214025288,50.81577183572983,48.7541659696903,48.77273941040039,9476700,0.0,0.0
2018-02-06 00:00:00-05:00,48.16910436385744,49.68280579397214,47.602626945945275,49.311344146728516,12240800,0.0,0.0
2018-02-07 00:00:00-05:00,49.06062234069297,50.56503561032881,49.03276040841641,50.007843017578125,8995400,0.0,0.0
2018-02-08 00:00:00-05:00,50.0078435865458,50.05427896002787,47.556206069609544,47.57477951049805,12197900,0.0,0.0
2018-02-09 00:00:00-05:00,48.24340171302606,48.28983353676874,45.05812971748751,46.859710693359375,19053400,0.0,0.0
2018-02-12 00:00:00-05:00,47.56548736753307,48.74487411667087,47.10116204310974,48.336265563964844,10610200,0.0,0.0
2018-02-13 00:00:00-05:00,48.159817287301294,48.559137300548954,47.69549202003849,48.447696685791016,8220600,0.0,0.0
2018-02-14 00:00:00-05:00,48.18768008194656,48.828451276653475,48.0576695620121,48.475563049316406,7797900,0.0,0.0
2018-02-15 00:00:00-05:00,48.8191584652768,49.36706242401625,48.27125450653735,49.17204666137695,4877800,0.0,0.0
2018-02-16 00:00:00-05:00,49.097766556243215,49.70139099020472,49.00490289372066,49.079193115234375,5556500,0.0,0.0
2018-02-20 00:00:00-05:00,48.782027513191174,49.41351036807251,48.56843824499923,48.72631072998047,6719400,0.0,0.0
2018-02-21 00:00:00-05:00,48.91203263904109,50.509313040995316,48.828457473494645,49.36707305908203,7604700,0.0,0.0
2018-02-22 00:00:00-05:00,49.74535272693722,49.9228168419316,48.98880718562965,49.08220672607422,4899800,0.305,0.0
2018-02-23 00:00:00-05:00,49.31570184034317,49.950828597652915,49.15692193249752,49.93214797973633,4270200,0.0,0.0
2018-02-26 00:00:00-05:00,51.006263295235684,51.18372383124262,50.20301449326918,51.08098220825195,7397700,0.0,0.0
2018-02-27 00:00:00-05:00,50.9875791066468,51.37986138918734,49.997527747006565,50.08158874511719,5979200,0.0,0.0
2018-02-28 00:00:00-05:00,50.315094050610156,50.903521071636895,49.83875074223098,50.343116760253906,6328200,0.0,0.0
2018-03-01 00:00:00-05:00,50.31509982264081,51.33317050338278,49.51185093800496,49.82941436767578,7876800,0.0,0.0
2018-03-02 00:00:00-05:00,49.297021921867554,49.90412954239802,48.39103509932177,49.74534606933594,6860500,0.0,0.0
2018-03-05 00:00:00-05:00,49.41844610131315,50.520577676611474,49.110224796608364,50.24037551879883,5964000,0.0,0.0
2018-03-06 00:00:00-05:00,50.361805416161474,50.53926955391451,49.950842397352275,50.287086486816406,4690900,0.0,0.0
2018-03-07 00:00:00-05:00,49.838755774396084,50.11895795837929,49.62393398124349,49.997535705566406,4554400,0.0,0.0
2018-03-08 00:00:00-05:00,50.39915588733826,51.37986522996366,50.30575635488394,51.03428268432617,6740700,0.0,0.0
2018-03-09 00:00:00-05:00,51.31449065087025,52.38860321044922,50.97825015821095,52.38860321044922,6975900,0.0,0.0
2018-03-12 00:00:00-04:00,52.538036678694695,52.75285844555861,51.90290990580849,52.453975677490234,6337600,0.0,0.0
2018-03-13 00:00:00-04:00,52.640784287795015,53.24788842071421,51.80017418010498,52.85560607910156,9137400,0.0,0.0
2018-03-14 00:00:00-04:00,52.883619361262866,53.48138489909563,52.31387296958987,52.444637298583984,7157000,0.0,0.0
2018-03-15 00:00:00-04:00,52.743523075300885,52.81824199030914,52.12707688388637,52.622100830078125,4266300,0.0,0.0
2018-03-16 00:00:00-04:00,52.73417573920044,53.52808595535553,52.70615659422957,52.948997497558594,6546600,0.0,0.0
2018-03-19 00:00:00-04:00,52.80890101842887,52.98636155095526,51.865549373983654,52.267173767089844,6121000,0.0,0.0
2018-03-20 00:00:00-04:00,52.45398198552347,52.97702867402571,52.257840813446656,52.77154541015625,4363500,0.0,0.0
2018-03-21 00:00:00-04:00,51.8281918473919,52.640779163752484,51.13702320801786,52.257835388183594,9313900,0.0,0.0
2018-03-22 00:00:00-04:00,51.83752354617953,52.304528262811786,51.02493633686913,51.062294006347656,6631400,0.0,0.0
2018-03-23 00:00:00-04:00,51.1650426085538,51.566667004798305,50.28707490393012,50.343116760253906,7321400,0.0,0.0
2018-03-26 00:00:00-04:00,50.96890839217956,51.632054415587916,50.501903548151546,51.42657470703125,5808800,0.0,0.0
2018-03-27 00:00:00-04:00,51.66006847997442,51.81884839013776,50.39915347442614,50.67935562133789,6699600,0.0,0.0
2018-03-28 00:00:00-04:00,50.87550172773767,51.24910341289016,50.17499455974259,50.37113571166992,7473500,0.0,0.0
2018-03-29 00:00:00-04:00,50.45519723036475,51.576009423212426,50.20301421975175,51.19306564331055,5960300,0.0,0.0
2018-04-02 00:00:00-04:00,50.987581839638054,51.024943077015045,47.58778762353318,48.52179718017578,10228200,0.0,0.0
2018-04-03 00:00:00-04:00,49.02616407465601,50.22169518843975,48.82068082836302,50.17499542236328,6776300,0.0,0.0
2018-04-04 00:00:00-04:00,49.30636192930617,50.41783194192805,49.1288978455601,50.30575180053711,6378300,0.0,0.0
2018-04-05 00:00:00-04:00,50.72605918880129,50.884839099717446,50.156312801700004,50.63265609741211,4417800,0.0,0.0
2018-04-06 00:00:00-04:00,50.29641270540259,50.71671771435121,49.044839769290945,49.5492057800293,6918700,0.0,0.0
2018-04-09 00:00:00-04:00,49.83875206091607,50.15631546255918,49.016822627905,49.09154510498047,6179300,0.0,0.0
2018-04-10 00:00:00-04:00,49.829410702724836,49.857433413522216,48.03611398210236,48.90474319458008,12220000,0.0,0.0
2018-04-11 00:00:00-04:00,48.56849882809419,49.07286486334342,47.97073325874571,48.0734748840332,7799600,0.0,0.0
2018-04-12 00:00:00-04:00,49.128901055872625,50.10027184597061,48.52179698428415,49.48382568359375,12713600,0.0,0.0
2018-04-13 00:00:00-04:00,50.08159136749697,50.84747891795789,49.03550166298316,49.42778396606445,9925900,0.0,0.0
2018-04-16 00:00:00-04:00,49.75468434826919,51.21174038814104,49.75468434826919,50.716712951660156,9490400,0.0,0.0
2018-04-17 00:00:00-04:00,51.37052704012006,51.55732966922235,50.46453660490044,50.95022201538086,7380400,0.0,0.0
2018-04-18 00:00:00-04:00,51.37986302954177,52.32321465656322,51.10900297183874,51.56666564941406,7504900,0.0,0.0
2018-04-19 00:00:00-04:00,51.40789012290697,51.58535066729085,50.95956593475512,51.435909271240234,5217500,0.0,0.0
2018-04-20 00:00:00-04:00,51.58534190570874,52.13640762810462,51.51996152872646,51.74412536621094,7445700,0.0,0.0
2018-04-23 00:00:00-04:00,52.08971859889839,52.11773774824497,50.595301021382674,51.00626754760742,5360400,0.0,0.0
2018-04-24 00:00:00-04:00,51.15570053791315,51.65072443078455,49.605244916634106,50.25905227661133,7655000,0.0,0.0
2018-04-25 00:00:00-04:00,50.38047536950176,51.3331655668982,49.69864880491646,51.04362487792969,7219800,0.0,0.0
2018-04-26 00:00:00-04:00,50.34311971648268,50.47388049261962,49.29702638145937,49.623931884765625,12130500,0.0,0.0
2018-04-27 00:00:00-04:00,49.75469116184852,50.156315569576556,49.586569151033814,49.969512939453125,5699000,0.0,0.0
2018-04-30 00:00:00-04:00,50.016213930964604,50.23103571382944,48.773983001708984,48.773983001708984,8200000,0.0,0.0
2018-05-01 00:00:00-04:00,48.82067324205202,49.36239685769469,48.4283874294472,49.25965881347656,6799500,0.0,0.0
2018-05-02 00:00:00-04:00,49.325048226902176,49.661288689795995,48.83002071640554,48.90474319458008,5142800,0.0,0.0
2018-05-03 00:00:00-04:00,48.58718201966401,48.68058155870775,47.71855276729393,48.37236022949219,7083100,0.0,0.0
2018-05-04 00:00:00-04:00,48.1762131342423,49.0261616616706,48.1762131342423,48.88605880737305,4535200,0.0,0.0
2018-05-07 00:00:00-04:00,48.94210243689609,48.94210243689609,48.073473259857266,48.47509765625,6055800,0.0,0.0
2018-05-08 00:00:00-04:00,48.62454467097057,49.55855434035789,48.52180303726371,48.914085388183594,6361100,0.0,0.0
2018-05-09 00:00:00-04:00,48.72727030082889,48.830011908304115,48.06412445998748,48.213565826416016,8403900,0.0,0.0
2018-05-10 00:00:00-04:00,48.434365615882804,49.15782796792317,48.218267030334204,48.913543701171875,7590700,0.305,0.0
2018-05-11 00:00:00-04:00,48.85716778711076,49.87189529999972,48.74442148039215,49.70277404785156,7810800,0.0,0.0
2018-05-14 00:00:00-04:00,49.70277229235701,50.04101120056632,48.7162304949571,48.94172668457031,10466400,0.0,0.0
2018-05-15 00:00:00-04:00,48.82899261291477,49.53366345377473,48.63168205352664,49.20481491088867,6572800,0.0,0.0
2018-05-16 00:00:00-04:00,49.24239636531611,50.72690460132523,49.24239636531611,50.24772644042969,6997400,0.0,0.0
2018-05-17 00:00:00-04:00,50.191349096280874,50.708110536210015,49.79673517939782,49.890689849853516,6069600,0.0,0.0
2018-05-18 00:00:00-04:00,49.80612340672339,50.01282795859881,49.6182140877172,49.749752044677734,5819000,0.0,0.0
2018-05-21 00:00:00-04:00,50.05041890549994,51.065143002952425,50.02223322016936,50.717506408691406,5413600,0.0,0.0
2018-05-22 00:00:00-04:00,51.093328054616705,51.66646083663283,50.19134677294601,50.28530502319336,4943600,0.0,0.0
2018-05-23 00:00:00-04:00,49.99404275165287,50.228933014816974,49.77794413963882,50.17256164550781,3692000,0.0,0.0
2018-05-24 00:00:00-04:00,50.294697149798694,51.27184141048922,50.294697149798694,51.112117767333984,5251200,0.0,0.0
2018-05-25 00:00:00-04:00,51.347008917277215,52.72816111868776,51.318819650701826,52.49327087402344,7597300,0.0,0.0
2018-05-29 00:00:00-04:00,52.04228319429353,52.23959014401541,50.56717271165528,50.952392578125,6544600,0.0,0.0
2018-05-30 00:00:00-04:00,51.19667863372209,51.403379609104604,50.42623534390134,51.027557373046875,4149700,0.0,0.0
2018-05-31 00:00:00-04:00,51.13091219992626,51.52552971686837,50.67992331209318,50.78327560424805,5365500,0.0,0.0
2018-06-01 00:00:00-04:00,51.13090515136719,51.422170336002594,50.80206025269865,51.13090515136719,4317800,0.0,0.0
2018-06-04 00:00:00-04:00,51.46915025190906,52.07986633341572,51.159096986753624,51.8543701171875,4472400,0.0,0.0
2018-06-05 00:00:00-04:00,51.638264834770645,51.67584812996793,51.00876076884747,51.36579132080078,4968300,0.0,0.0
2018-06-06 00:00:00-04:00,49.98464347890283,51.027556711498846,49.44909402175471,50.89601516723633,10825300,0.0,0.0
2018-06-07 00:00:00-04:00,50.65173075735249,50.80206036624275,49.693378156624334,50.22892761230469,6858000,0.0,0.0
2018-06-08 00:00:00-04:00,49.85310751243638,50.86783151977097,49.85310751243638,50.82085418701172,5858500,0.0,0.0
2018-06-11 00:00:00-04:00,51.074535958758766,52.46508579301505,50.96178964358683,51.57250213623047,6800800,0.0,0.0
2018-06-12 00:00:00-04:00,51.525529142582776,51.525529142582776,50.717506050168225,51.253055572509766,5253700,0.0,0.0
2018-06-13 00:00:00-04:00,51.32822372882385,51.74162932118206,51.093333454591445,51.347015380859375,4384900,0.0,0.0
2018-06-14 00:00:00-04:00,51.46915164705223,52.145636729933194,51.30942799367248,51.58190155029297,5456100,0.0,0.0
2018-06-15 00:00:00-04:00,51.34700835154542,51.844974517822266,50.84903860112792,51.844974517822266,8125300,0.0,0.0
2018-06-18 00:00:00-04:00,51.422172759110495,51.732229607443216,51.01816124505676,51.48794174194336,5836500,0.0,0.0
2018-06-19 00:00:00-04:00,51.0463481822947,51.14969687621461,50.09738961477608,50.52958679199219,5830800,0.0,0.0
2018-06-20 00:00:00-04:00,50.736305297079824,51.29064655387654,50.463831686216345,50.585975646972656,4541300,0.0,0.0
2018-06-21 00:00:00-04:00,50.5483815937964,51.02755971575575,50.17255934048442,50.48261260986328,4806800,0.0,0.0
2018-06-22 00:00:00-04:00,50.26651737829003,50.72690388083288,49.25178969961161,49.533660888671875,10311600,0.0,0.0
2018-06-25 00:00:00-04:00,49.120245435218614,49.42090465319827,47.65453264360295,48.2088737487793,7547800,0.0,0.0
2018-06-26 00:00:00-04:00,48.415576558242115,48.50013719051643,47.8330497493194,47.98337936401367,4810300,0.0,0.0
2018-06-27 00:00:00-04:00,47.94578982280191,48.086725386292606,46.696175735354835,46.874691009521484,9035800,0.0,0.0
2018-06-28 00:00:00-04:00,46.808926078962955,46.98744136854954,46.08546371989008,46.79013442993164,6871800,0.0,0.0
2018-06-29 00:00:00-04:00,46.79953839595974,47.27871296677729,46.517667206388296,46.54585647583008,6703900,0.0,0.0
2018-07-02 00:00:00-04:00,46.273373733057376,47.1377680296124,45.95392288777827,46.90287780761719,8300000,0.0,0.0
2018-07-03 00:00:00-04:00,46.27337810063418,46.5364540271747,45.68145368177734,45.831783294677734,6449500,0.0,0.0
2018-07-05 00:00:00-04:00,46.13244625384013,46.301567530057135,45.58750270702831,46.28277587890625,6335900,0.0,0.0
2018-07-06 00:00:00-04:00,46.3579426428463,46.7713482171638,46.11365834532709,46.583438873291016,4903000,0.0,0.0
2018-07-09 00:00:00-04:00,46.583437343649585,47.71090770642794,46.32035781941254,47.45722579956055,7895600,0.0,0.0
2018-07-10 00:00:00-04:00,47.54177474975586,47.598149687694566,46.61161157067706,47.54177474975586,7366600,0.0,0.0
2018-07-11 00:00:00-04:00,47.10958438916015,47.10958438916015,45.859970217805746,46.82771682739258,10426500,0.0,0.0
2018-07-12 00:00:00-04:00,47.82365621896585,48.18068681752826,46.15123520576091,47.6639289855957,12625600,0.0,0.0
2018-07-13 00:00:00-04:00,47.44783328277877,47.90821977680202,47.28810962379867,47.701515197753906,6835900,0.0,0.0
2018-07-16 00:00:00-04:00,47.82366141108899,47.83305544506442,47.06261562999817,47.60755920410156,8603200,0.0,0.0
2018-07-17 00:00:00-04:00,47.5417847636738,48.453160072879676,47.5417847636738,48.04914855957031,5299000,0.0,0.0
2018-07-18 00:00:00-04:00,49.270583111946465,50.313496513145196,49.214211739432706,49.60882568359375,10212300,0.0,0.0
2018-07-19 00:00:00-04:00,49.66519969202279,50.022233909071765,49.261188137395536,49.79673767089844,6391400,0.0,0.0
2018-07-20 00:00:00-04:00,49.4772824744778,49.69338107594384,48.8289866700797,48.8477783203125,6697500,0.0,0.0
2018-07-23 00:00:00-04:00,48.66926673499128,49.21421392105587,48.22767543277969,49.08267593383789,4509200,0.0,0.0
2018-07-24 00:00:00-04:00,49.214208183546,49.383329457150076,48.45316245232764,48.556514739990234,4652700,0.0,0.0
2018-07-25 00:00:00-04:00,48.49029818791378,48.92544603181615,48.49029818791378,48.86868667602539,4727600,0.35,0.0
2018-07-26 00:00:00-04:00,48.868683367436894,51.309281372501246,48.72678679185694,51.06332778930664,10322100,0.0,0.0
2018-07-27 00:00:00-04:00,51.03495312765808,51.81064627683771,51.00657164560904,51.51739501953125,6561000,0.0,0.0
2018-07-30 00:00:00-04:00,51.38495615114516,51.91469926920121,50.8457549455255,50.88359451293945,5676700,0.0,0.0
2018-07-31 00:00:00-04:00,51.01602357530401,52.075506082072415,50.9025084945808,51.47954559326172,6048100,0.0,0.0
2018-08-01 00:00:00-04:00,51.829562560974914,51.90523808797378,50.50520655698665,50.694400787353516,4203400,0.0,0.0
2018-08-02 00:00:00-04:00,50.33493047894257,51.17684098777639,50.07951881751326,50.997108459472656,4483600,0.0,0.0
2018-08-03 00:00:00-04:00,51.23359836037418,51.49846809893229,51.091701795529744,51.32819366455078,3147300,0.0,0.0
2018-08-06 00:00:00-04:00,51.176836305613605,51.583602587499385,50.93088636261677,51.47954559326172,3122300,0.0,0.0
2018-08-07 00:00:00-04:00,51.649831613004466,52.11335734359391,51.574156078394445,51.74443054199219,4425300,0.0,0.0
2018-08-08 00:00:00-04:00,51.905232091224335,52.548490235006476,51.88631230951552,52.24578094482422,3562200,0.0,0.0
2018-08-09 00:00:00-04:00,52.22686528500992,52.709310735212206,52.15118976078152,52.3498420715332,2890400,0.0,0.0
2018-08-10 00:00:00-04:00,51.820100801076485,51.86740206504494,50.94035069824417,51.753883361816406,4204400,0.0,0.0
2018-08-13 00:00:00-04:00,51.914694047587865,51.914694047587865,50.85520791803956,51.29035568237305,3896600,0.0,0.0
2018-08-14 00:00:00-04:00,51.328194235214944,52.0849711113597,51.328194235214944,51.801177978515625,3459900,0.0,0.0
2018-08-15 00:00:00-04:00,51.83901465953318,52.548490235006476,51.422790287677415,52.24578094482422,4896500,0.0,0.0
2018-08-16 00:00:00-04:00,52.340384292244444,52.784986570079504,52.23632728831081,52.45389938354492,3366100,0.0,0.0
2018-08-17 00:00:00-04:00,52.49173845263825,52.964722205250105,52.321464013011614,52.64309310913086,3266500,0.0,0.0
2018-08-20 00:00:00-04:00,52.945808941830514,54.58233249435846,52.84175192606964,54.31745910644531,7005800,0.0,0.0
2018-08-21 00:00:00-04:00,54.42151449074557,54.89449828742114,54.33637726300077,54.48773193359375,4732300,0.0,0.0
2018-08-22 00:00:00-04:00,54.39314306321331,54.39314306321331,53.7120451605456,53.83502197265625,4246100,0.0,0.0
2018-08-23 00:00:00-04:00,53.74041488490485,54.22285672132919,53.655277665702954,53.86338806152344,3051900,0.0,0.0
2018-08-24 00:00:00-04:00,53.712035129042874,54.279617811455125,53.49446303045442,54.090423583984375,3149600,0.0,0.0
2018-08-27 00:00:00-04:00,54.36475366643465,54.79989785267024,54.17555944372102,54.62962341308594,4278900,0.0,0.0
2018-08-28 00:00:00-04:00,54.818820941440976,55.68910936639161,54.686386060129344,55.613433837890625,7035300,0.0,0.0
2018-08-29 00:00:00-04:00,55.622894371437376,55.68911181500473,55.25396758339641,55.35802459716797,4543300,0.0,0.0
2018-08-30 00:00:00-04:00,55.1782876066086,55.51883288527332,55.03639103406349,55.28234100341797,3020300,0.0,0.0
2018-08-31 00:00:00-04:00,55.282343231611826,55.603972348241776,55.187747918488846,55.32018280029297,6076700,0.0,0.0
2018-09-04 00:00:00-04:00,55.33909778264895,55.98235596009089,55.28233843455246,55.69856643676758,5017400,0.0,0.0
2018-09-05 00:00:00-04:00,55.812079914875106,56.37965894515391,53.872847351413135,54.118797302246094,9495500,0.0,0.0
2018-09-06 00:00:00-04:00,54.11879914667458,54.41205036717466,53.14445378834339,53.390403747558594,7618100,0.0,0.0
2018-09-07 00:00:00-04:00,53.049858609186735,54.563405150835315,52.680928256616525,53.78771209716797,6307600,0.0,0.0
2018-09-10 00:00:00-04:00,53.96744469501092,54.62016457395921,53.749872604888026,54.44989013671875,3894900,0.0,0.0
2018-09-11 00:00:00-04:00,54.23232794915719,55.301268812086214,54.07151156969708,55.12153625488281,4717500,0.0,0.0
2018-09-12 00:00:00-04:00,55.18774766362672,55.22558723213312,54.07150565274708,54.28907775878906,5116100,0.0,0.0
2018-09-13 00:00:00-04:00,54.28907262668138,55.10260522976393,54.28907262668138,54.695838928222656,3568400,0.0,0.0
2018-09-14 00:00:00-04:00,54.63907989265678,55.17828467452791,54.516106718804,54.799896240234375,3449300,0.0,0.0
2018-09-17 00:00:00-04:00,54.667461035182605,55.20666220516384,54.667461035182605,54.82827377319336,3944600,0.0,0.0
2018-09-18 00:00:00-04:00,54.74314296760048,55.14990931660381,53.84447304285869,54.70530700683594,3746900,0.0,0.0
2018-09-19 00:00:00-04:00,54.73368676602125,55.121533343719975,54.62962975102744,54.77152633666992,3423000,0.0,0.0
2018-09-20 00:00:00-04:00,55.055315038524604,55.301265026735145,54.77152548025706,54.989097595214844,3448100,0.0,0.0
2018-09-21 00:00:00-04:00,55.28233818221493,56.975620835945705,55.23504052997353,56.389122009277344,11936300,0.0,0.0
2018-09-24 00:00:00-04:00,55.96343799227719,55.96343799227719,54.04312509331513,54.3079948425293,6640000,0.0,0.0
2018-09-25 00:00:00-04:00,54.33638058004308,54.44043759903681,53.36203505415668,54.01475143432617,4635500,0.0,0.0
2018-09-26 00:00:00-04:00,54.2985383069998,54.818819732931274,54.0904242931953,54.402591705322266,5306700,0.0,0.0
2018-09-27 00:00:00-04:00,54.6958411296128,55.41477845788728,54.6958411296128,54.86611557006836,3897600,0.0,0.0
2018-09-28 00:00:00-04:00,54.866119763680075,55.12153144388542,54.43097554195835,54.70530700683594,4642500,0.0,0.0
2018-10-01 00:00:00-04:00,54.85665735784181,54.99855031884524,53.27688974356332,53.5417594909668,5839900,0.0,0.0
2018-10-02 00:00:00-04:00,52.44443810466343,52.59579276379428,51.28089848598638,51.734962463378906,8604600,0.0,0.0
2018-10-03 00:00:00-04:00,52.018756486592224,52.21740880345273,51.31873892090978,51.38495635986328,6966700,0.0,0.0
2018-10-04 00:00:00-04:00,51.318739564513436,51.48901401212355,50.17411969558529,50.66602325439453,7681100,0.0,0.0
2018-10-05 00:00:00-04:00,50.83630045706855,50.94981555876729,49.70113861434116,49.85249328613281,5621700,0.0,0.0
2018-10-08 00:00:00-04:00,49.540314543495604,49.86194362212034,48.8213808664059,49.3227424621582,5495700,0.0,0.0
2018-10-09 00:00:00-04:00,49.69167196275468,50.07006040879458,48.01730904318457,48.111907958984375,8284700,0.0,0.0
2018-10-10 00:00:00-04:00,47.98893132970133,48.08353024581056,46.9956661663223,47.024044036865234,13082900,0.0,0.0
2018-10-11 00:00:00-04:00,48.71732981859513,49.75789270138559,47.9321750039635,48.69841003417969,15887500,0.0,0.0
2018-10-12 00:00:00-04:00,49.720047626590365,49.86194057082496,48.5848860298174,49.23760223388672,9677300,0.0,0.0
2018-10-15 00:00:00-04:00,49.19031034519551,49.6632940985147,48.96327655582725,49.03895568847656,6494400,0.0,0.0
2018-10-16 00:00:00-04:00,49.24707216181222,50.344394380142084,49.20923259359192,50.24033737182617,6684000,0.0,0.0
2018-10-17 00:00:00-04:00,51.96199214869834,52.293079311693006,50.79845262200068,51.366031646728516,9184200,0.0,0.0
2018-10-18 00:00:00-04:00,51.3565805129229,51.36603860089776,50.098441906051754,50.25925827026367,5871200,0.0,0.0
2018-10-19 00:00:00-04:00,50.25926088195881,50.68494703454628,49.90925026284238,50.505210876464844,4989800,0.0,0.0
2018-10-22 00:00:00-04:00,50.6471024030431,51.48901292705091,50.420068608154146,51.30928039550781,6174200,0.0,0.0
2018-10-23 00:00:00-04:00,50.420073171359846,50.75116400184704,49.218693866956755,50.56196975708008,7679800,0.0,0.0
2018-10-24 00:00:00-04:00,50.609268566767604,50.70386388701174,48.594356490062076,48.72679138183594,6759100,0.0,0.0
2018-10-25 00:00:00-04:00,48.63219745797286,51.04441427926217,48.58489979649272,50.80792236328125,9174400,0.0,0.0
2018-10-26 00:00:00-04:00,50.42952741315496,51.261976193337816,49.32274359046479,50.401145935058594,9573000,0.0,0.0
2018-10-29 00:00:00-04:00,51.22414794595008,51.81064685856818,49.72005928934457,50.53358840942383,10819700,0.0,0.0
2018-10-30 00:00:00-04:00,50.50520780496785,52.236330184017895,50.49574971707671,52.14173126220703,7526200,0.0,0.0
2018-10-31 00:00:00-04:00,52.605256725618624,53.09716029112596,51.72550660384702,51.772804260253906,8699500,0.0,0.0
2018-11-01 00:00:00-04:00,51.96199933705422,53.191756466473834,51.82956445353549,53.01202392578125,6401100,0.0,0.0
2018-11-02 00:00:00-04:00,53.4471647425171,53.948526372081936,52.63363210003701,53.08769607543945,6488600,0.0,0.0
2018-11-05 00:00:00-05:00,52.99309887583676,53.333647747379615,52.54849300370252,53.02147674560547,5206000,0.0,0.0
2018-11-06 00:00:00-05:00,53.03100424790901,53.18330998704411,52.11716981309841,52.802547454833984,5983100,0.35,0.0
2018-11-07 00:00:00-05:00,53.12619748317747,54.49694913226554,52.96437059313461,54.0590705871582,7204600,0.0,0.0
2018-11-08 00:00:00-05:00,53.86868225575888,54.22088856151834,53.19282583271223,54.001949310302734,4150400,0.0,0.0
2018-11-09 00:00:00-05:00,54.097140896555665,54.45886470961426,53.66877992713915,53.92579650878906,6061600,0.0,0.0
2018-11-12 00:00:00-05:00,53.87819914069357,54.439827171985904,53.49743665094333,53.973392486572266,4553900,0.0,0.0
2018-11-13 00:00:00-05:00,54.38270986538539,55.13471725774855,54.05905978124959,54.087615966796875,6004400,0.0,0.0
2018-11-14 00:00:00-05:00,54.192325408973645,54.79203070860979,53.506947923675185,53.71636962890625,5543300,0.0,0.0
2018-11-15 00:00:00-05:00,53.45936439552619,53.55455411920071,52.35514689712788,53.40224838256836,6969000,0.0,0.0
2018-11-16 00:00:00-05:00,53.126192274813185,53.32609285651373,52.2599527895226,53.21186447143555,6719500,0.0,0.0
2018-11-19 00:00:00-05:00,53.30705313033631,53.868681156781115,53.07859273345418,53.4879150390625,5640400,0.0,0.0
2018-11-20 00:00:00-05:00,52.92628809038771,53.754453868601914,52.62167664251176,52.745426177978516,5623600,0.0,0.0
2018-11-21 00:00:00-05:00,53.12619007103628,54.563575053347165,52.99291939084268,53.27849578857422,6509100,0.0,0.0
2018-11-23 00:00:00-05:00,53.773494844716964,54.91578600762508,53.56407310359812,54.41127395629883,3778200,0.0,0.0
2018-11-26 00:00:00-05:00,54.753963788556774,55.020497914086185,53.84012938852299,53.982913970947266,5927100,0.0,0.0
2018-11-27 00:00:00-05:00,54.55405834466146,56.16278773699485,54.52549852571143,55.5059700012207,8879800,0.0,0.0
2018-11-28 00:00:00-05:00,55.56308377158736,56.09615561989565,54.934822207735216,56.039039611816406,6204000,0.0,0.0
2018-11-29 00:00:00-05:00,55.68682936572849,56.57210745640198,55.54404117126323,56.029518127441406,6793700,0.0,0.0
2018-11-30 00:00:00-05:00,56.410285183790656,58.37122457355978,56.32461298639164,57.790557861328125,10846900,0.0,0.0
2018-12-03 00:00:00-05:00,58.06661475497264,58.133248284682864,56.933841118643834,57.22893142700195,6759400,0.0,0.0
2018-12-04 00:00:00-05:00,55.19183993062114,56.34365221612771,53.62118780436354,54.20185089111328,14429000,0.0,0.0
2018-12-06 00:00:00-05:00,53.906764114206716,55.42982148133961,53.79253208823035,55.28703689575195,9052500,0.0,0.0
2018-12-07 00:00:00-05:00,54.83964436501733,55.287044113696595,52.83110970340065,53.37369918823242,8193600,0.0,0.0
2018-12-10 00:00:00-05:00,53.5259954332411,53.925800242798644,52.65023839624222,53.61166763305664,5698400,0.0,0.0
2018-12-11 00:00:00-05:00,53.9638677322582,54.22088430208298,52.95484375211791,53.20233917236328,7319200,0.0,0.0
2018-12-12 00:00:00-05:00,53.74492974297291,54.2304067076371,53.3070512647989,53.56406784057617,6175700,0.0,0.0
2018-12-13 00:00:00-05:00,53.52598831349248,53.7354100254643,50.78448191531101,50.9748649597168,10174900,0.0,0.0
2018-12-14 00:00:00-05:00,50.35613118500625,52.09812773551513,50.30853269424372,50.93679428100586,5551600,0.0,0.0
2018-12-17 00:00:00-05:00,50.80352812144882,50.80352812144882,49.613638456416965,49.87065505981445,5792700,0.0,0.0
2018-12-18 00:00:00-05:00,50.86063414692869,51.02245736659911,50.12766182142616,50.403717041015625,6099500,0.0,0.0
2018-12-19 00:00:00-05:00,50.64169794551072,50.7749649887712,48.93777530666986,49.432769775390625,8003600,0.0,0.0
2018-12-20 00:00:00-05:00,49.05199900044735,49.5565145705366,47.614614216571084,48.461814880371094,8428800,0.0,0.0
2018-12-21 00:00:00-05:00,48.08105697725133,48.814029400781614,46.9197272061264,47.0720329284668,11680200,0.0,0.0
2018-12-24 00:00:00-05:00,46.88164571420027,47.07202875807229,45.59656652275954,45.65367889404297,5381300,0.0,0.0
2018-12-26 00:00:00-05:00,46.07252937391428,48.03346522177278,45.60609102654443,47.985870361328125,7452700,0.0,0.0
2018-12-27 00:00:00-05:00,47.62413739248658,48.071537017822266,45.99636938675056,48.071537017822266,7136300,0.0,0.0
2018-12-28 00:00:00-05:00,48.10009727056683,48.64268665167862,47.319529963309336,47.766929626464844,5854800,0.0,0.0
2018-12-31 00:00:00-05:00,47.87163787730484,48.223844171990116,47.176742806707495,47.50039291381836,6231700,0.0,0.0
2019-01-02 00:00:00-05:00,46.88164939847883,47.74788886647971,46.52944309995226,47.68125534057617,5270700,0.0,0.0
2019-01-03 00:00:00-05:00,46.177240540090594,46.58656291097182,42.91218635594757,43.41669845581055,18694100,0.0,0.0
2019-01-04 00:00:00-05:00,44.14015408473339,46.481860134322844,44.01640815140071,45.49187088012695,11037000,0.0,0.0
2019-01-07 00:00:00-05:00,45.691761290029405,46.110601127936235,44.863599133399006,45.548973083496094,9375500,0.0,0.0
2019-01-08 00:00:00-05:00,46.14867742090873,46.32953933132954,44.69225372481027,45.18724822998047,8231400,0.0,0.0
2019-01-09 00:00:00-05:00,44.8350348370972,46.37713424117906,44.66369045886588,46.139156341552734,8095300,0.0,0.0
2019-01-10 00:00:00-05:00,44.4352394136226,46.55800211507342,43.616594752804204,46.38665771484375,11880200,0.0,0.0
2019-01-11 00:00:00-05:00,45.90118052401855,46.3295378577727,45.30147517300612,46.224830627441406,6577900,0.0,0.0
2019-01-14 00:00:00-05:00,45.28243674103083,45.59656932743032,44.168701857443004,45.45378112792969,10095100,0.0,0.0
2019-01-15 00:00:00-05:00,45.66321245108068,46.919735798303485,44.597068568205465,45.529945373535156,11569500,0.0,0.0
2019-01-16 00:00:00-05:00,46.53896171533454,46.81501697558468,45.13013285678002,45.21580505371094,9823000,0.0,0.0
2019-01-17 00:00:00-05:00,45.15869422770122,46.23435557232996,45.04446582910291,45.901187896728516,7312700,0.0,0.0
2019-01-18 00:00:00-05:00,46.3009826609733,46.358098667947864,45.63464377128932,45.796470642089844,7850200,0.0,0.0
2019-01-22 00:00:00-05:00,45.739354024569934,45.739354024569934,44.587541800368825,44.83503723144531,8144400,0.0,0.0
2019-01-23 00:00:00-05:00,45.01589599587426,45.50136926624316,44.682724789980035,45.025413513183594,8099900,0.0,0.0
2019-01-24 00:00:00-05:00,45.93925295485871,46.2153081947862,44.901669148971436,45.234840393066406,9057200,0.0,0.0
2019-01-25 00:00:00-05:00,45.35858996087999,45.83454576894272,44.64465624878589,45.396663665771484,11839200,0.0,0.0
2019-01-28 00:00:00-05:00,45.149171794003664,46.11060100414815,45.05398207740696,45.70127868652344,8212100,0.0,0.0
2019-01-29 00:00:00-05:00,46.08204983044711,46.1582045170162,45.568016589871746,45.901187896728516,7476500,0.0,0.0
2019-01-30 00:00:00-05:00,46.05349129321947,48.02394831715249,46.0344526225468,47.852603912353516,13005200,0.0,0.0
2019-01-31 00:00:00-05:00,47.66221665749795,47.985866768043124,46.729343663868896,47.05299377441406,8287100,0.0,0.0
2019-02-01 00:00:00-05:00,47.24337663194007,48.062021239317275,47.18626062517371,47.51942825317383,6172900,0.0,0.0
2019-02-04 00:00:00-05:00,47.58606379808065,47.97634741962652,47.176741508257585,47.91923141479492,5356200,0.0,0.0
2019-02-05 00:00:00-05:00,47.94779226017312,48.604613670161605,47.614624611088395,48.109619140625,8727600,0.0,0.0
2019-02-06 00:00:00-05:00,47.75740870958515,48.338075433222556,47.46231840372385,48.090579986572266,6228100,0.0,0.0
2019-02-07 00:00:00-05:00,47.91923683045459,48.23336581439339,47.567030505658025,47.985870361328125,5673900,0.0,0.0
2019-02-08 00:00:00-05:00,47.66221031252867,48.10008874754637,47.5194221296404,48.04297637939453,4456600,0.0,0.0
2019-02-11 00:00:00-05:00,48.176246643066406,48.576047771948566,48.166725493566595,48.176246643066406,6963900,0.0,0.0
2019-02-12 00:00:00-05:00,48.41423077676535,48.614131366945436,47.48135772466993,47.490875244140625,8301700,0.0,0.0
2019-02-13 00:00:00-05:00,47.643181556118456,48.29048182568003,47.49087582394251,47.985870361328125,5754900,0.0,0.0
2019-02-14 00:00:00-05:00,47.66221424707829,48.29047576739235,47.557503388483504,48.05249786376953,5780000,0.0,0.0
2019-02-15 00:00:00-05:00,48.44278025628496,48.99489072174,48.138168837845825,48.6236457824707,6492000,0.0,0.0
2019-02-19 00:00:00-05:00,48.54749290762234,49.70882625290422,48.54749290762234,49.328060150146484,7904800,0.0,0.0
2019-02-20 00:00:00-05:00,48.71883919317491,49.15671768656688,48.13817249785934,48.77595520019531,7497300,0.0,0.0
2019-02-21 00:00:00-05:00,48.73788328618562,49.366144908309565,48.642689930557616,49.004417419433594,6615000,0.0,0.0
2019-02-22 00:00:00-05:00,49.11864296166542,49.46133175950925,48.7759577950766,49.0424919128418,5413200,0.0,0.0
2019-02-25 00:00:00-05:00,49.3185407464058,49.37565311775803,48.80450761670855,48.937774658203125,6180400,0.0,0.0
2019-02-26 00:00:00-05:00,48.928265665962144,49.46133392482922,48.623654194822336,48.66172790527344,6826800,0.0,0.0
2019-02-27 00:00:00-05:00,48.51893887282919,48.5760512488977,47.54798853586134,48.004905700683594,9041600,0.0,0.0
2019-02-28 00:00:00-05:00,48.01448954236137,48.09117279067644,47.48727986905922,47.5256233215332,9483800,0.35,0.0
2019-03-01 00:00:00-05:00,47.32431997559977,47.66940371966049,46.22197318944217,46.93130874633789,11393900,0.0,0.0
2019-03-04 00:00:00-05:00,47.00800124913205,47.51603923473775,46.4232763527608,46.76836013793945,10194100,0.0,0.0
2019-03-05 00:00:00-05:00,47.956977002781706,48.39791941723233,47.362668083260985,47.65982437133789,9800700,0.0,0.0
2019-03-06 00:00:00-05:00,47.746092853929575,48.19661562384652,47.3914214022643,47.65023422241211,8702600,0.0,0.0
2019-03-07 00:00:00-05:00,47.45851893856102,47.7365034751868,46.73959568243883,47.53520584106445,8183600,0.0,0.0
2019-03-08 00:00:00-05:00,47.20929381869042,47.544789875560994,46.892965830812926,47.53520584106445,8570100,0.0,0.0
2019-03-11 00:00:00-04:00,47.736507243084766,49.16476983356703,47.70775148069264,49.00181198120117,8868100,0.0,0.0
2019-03-12 00:00:00-04:00,49.068911396228586,49.193525794819976,47.94739277880529,48.570457458496094,8073900,0.0,0.0
2019-03-13 00:00:00-04:00,48.867616626314124,48.97305930390512,48.00491079050597,48.90596008300781,10536300,0.0,0.0
2019-03-14 00:00:00-04:00,49.25103239176757,49.922028100858505,48.73340681704321,48.829261779785156,8048800,0.0,0.0
2019-03-15 00:00:00-04:00,49.16476350005579,49.337305365447456,48.867607252629575,49.068904876708984,8192400,0.0,0.0
2019-03-18 00:00:00-04:00,48.95387464660079,49.126416499519934,48.43624908784336,48.637550354003906,6415200,0.0,0.0
2019-03-19 00:00:00-04:00,48.877193862926845,49.26061737794133,48.714236035155494,48.84843444824219,5606600,0.0,0.0
2019-03-20 00:00:00-04:00,48.781344115259294,48.781344115259294,47.707752958641855,47.80360794067383,7753000,0.0,0.0
2019-03-21 00:00:00-04:00,47.65023286855542,48.51294224453649,47.64064883399243,48.21578598022461,5128700,0.0,0.0
2019-03-22 00:00:00-04:00,47.96656642871263,48.15828005193025,47.468112471000126,47.69816589355469,5896200,0.0,0.0
2019-03-25 00:00:00-04:00,47.544798380495116,47.96656910644585,46.94090537010216,46.998416900634766,6454000,0.0,0.0
2019-03-26 00:00:00-04:00,47.31474010744627,47.57355293828122,46.66291601274339,47.05592727661133,5321500,0.0,0.0
2019-03-27 00:00:00-04:00,47.01759000380674,48.43626508566306,46.950490778468726,47.899471282958984,7907200,0.0,0.0
2019-03-28 00:00:00-04:00,48.03366100922952,48.55128664493458,47.8323633697774,48.23495864868164,6600100,0.0,0.0
2019-03-29 00:00:00-04:00,48.62797220218128,49.605708341623746,48.29247612049502,49.50985336303711,9162100,0.0,0.0
2019-04-01 00:00:00-04:00,49.672803371040864,50.16167322787178,49.38523480288706,50.017887115478516,8501400,0.0,0.0
2019-04-02 00:00:00-04:00,52.27051434693198,53.62208997325143,51.68578949146171,53.03736877441406,15920700,0.0,0.0
2019-04-03 00:00:00-04:00,53.64126801653663,55.184557431468356,53.49748553692623,54.63817596435547,13277600,0.0,0.0
2019-04-04 00:00:00-04:00,55.079109652625654,55.280407299421924,54.03427430834542,54.849056243896484,8998000,0.0,0.0
2019-04-05 00:00:00-04:00,55.05994039070265,55.788451416435834,54.954501373350766,55.33792495727539,6918300,0.0,0.0
2019-04-08 00:00:00-04:00,55.11745083561768,55.50087804321425,54.55189771556081,55.318748474121094,7921600,0.0,0.0
2019-04-09 00:00:00-04:00,54.82988539752319,55.059938809946566,54.427286440832695,54.59024429321289,9581600,0.0,0.0
2019-04-10 00:00:00-04:00,56.526550685499245,56.526550685499245,54.41770801871676,55.46254348754883,14398200,0.0,0.0
2019-04-11 00:00:00-04:00,55.54880641551956,56.4019281265572,55.424192022569244,55.97057342529297,8452400,0.0,0.0
2019-04-12 00:00:00-04:00,56.39235137676014,56.40193541285617,55.16538632836575,55.64466857910156,7693900,0.0,0.0
2019-04-15 00:00:00-04:00,55.596736372151895,56.06643454697311,54.99283976356264,55.06952667236328,5327000,0.0,0.0
2019-04-16 00:00:00-04:00,55.27082045018502,55.71175917499285,55.26123641557303,55.70217514038086,3970200,0.0,0.0
2019-04-17 00:00:00-04:00,56.411514059175566,56.54571614813145,55.68300671658025,56.00891876220703,4987600,0.0,0.0
2019-04-18 00:00:00-04:00,56.07602501056469,56.15271192815637,55.61591447491505,55.75969696044922,4108100,0.0,0.0
2019-04-22 00:00:00-04:00,55.395437264426924,55.56797914805689,54.90656737526435,55.357093811035156,4043900,0.0,0.0
2019-04-23 00:00:00-04:00,55.270820772763614,55.989744041741616,55.270820772763614,55.82678985595703,4593000,0.0,0.0
2019-04-24 00:00:00-04:00,55.826792714508166,56.10477361370575,55.405022034866406,55.45294952392578,3275200,0.0,0.0
2019-04-25 00:00:00-04:00,55.44337413337946,56.05685486491132,54.04387075749319,54.36019515991211,5557400,0.0,0.0
2019-04-26 00:00:00-04:00,54.21640450109565,55.088697970425876,54.1397175928924,54.743614196777344,3714100,0.0,0.0
2019-04-29 00:00:00-04:00,54.868230427056915,55.50088281433406,54.68610084230704,55.33792495727539,3215500,0.0,0.0
2019-04-30 00:00:00-04:00,55.42419507467699,56.14311839749618,55.36667989246353,55.87472152709961,4030300,0.0,0.0
2019-05-01 00:00:00-04:00,56.125453772738396,56.42440142594177,55.07430682472486,55.14181137084961,5629800,0.35,0.0
2019-05-02 00:00:00-04:00,55.276817398699585,56.009729114168884,55.209312856317105,55.604698181152344,3426100,0.0,0.0
2019-05-03 00:00:00-04:00,55.67219959349289,56.067584896098495,55.46968597773131,55.73970413208008,4673000,0.0,0.0
2019-05-06 00:00:00-04:00,54.948936952254144,55.90364983834981,54.71749385659086,55.672203063964844,4105400,0.0,0.0
2019-05-07 00:00:00-04:00,55.2093141538418,55.450402861937185,54.322109473837244,55.132164001464844,4784800,0.0,0.0
2019-05-08 00:00:00-04:00,54.74642513557311,55.04537646264643,54.177455628383115,54.43783187866211,3641400,0.0,0.0
2019-05-09 00:00:00-04:00,54.13888122178338,54.707850736016745,53.70492079927965,54.57284164428711,5003500,0.0,0.0
2019-05-10 00:00:00-04:00,54.24495824280838,54.842857196953716,53.097377339433656,54.601768493652344,3737800,0.0,0.0
2019-05-13 00:00:00-04:00,53.46382801501244,53.54097816368386,52.14266298814769,52.846641540527344,5223700,0.0,0.0
2019-05-14 00:00:00-04:00,52.94307501001412,53.647053506329385,52.798420332136196,53.28059768676758,2463400,0.0,0.0
2019-05-15 00:00:00-04:00,52.63448994046733,53.39632748282118,52.16195444118492,53.08773422241211,2998900,0.0,0.0
2019-05-16 00:00:00-04:00,53.17452474921153,53.9652954156864,53.17452474921153,53.40597152709961,2731400,0.0,0.0
2019-05-17 00:00:00-04:00,52.808066380687556,53.56026561412971,52.54769382614701,52.933433532714844,3969900,0.0,0.0
2019-05-20 00:00:00-04:00,52.07516232844404,52.72127831747343,51.8340736139605,52.34518051147461,3722800,0.0,0.0
2019-05-21 00:00:00-04:00,52.73092132624045,53.06844403838712,52.64412924615679,52.87557601928711,2816800,0.0,0.0
2019-05-22 00:00:00-04:00,52.5476913255528,52.88521401257811,51.96907627515335,52.133018493652344,3616700,0.0,0.0
2019-05-23 00:00:00-04:00,51.73763447020233,52.99129492547999,51.34224916479811,52.075157165527344,5278900,0.0,0.0
2019-05-24 00:00:00-04:00,52.480185520910084,52.67305721323909,51.79549450792757,52.190879821777344,2502800,0.0,0.0
2019-05-28 00:00:00-04:00,52.21016512346475,52.68270056550278,51.94978890177702,51.959434509277344,3454100,0.0,0.0
2019-05-29 00:00:00-04:00,51.83407265647034,51.83407265647034,50.92758043109702,51.31332015991211,3929600,0.0,0.0
2019-05-30 00:00:00-04:00,51.477258738133294,51.882285976419624,50.98543574453245,51.139732360839844,3775200,0.0,0.0
2019-05-31 00:00:00-04:00,50.599701530128286,50.917936726330865,49.481050020913386,49.664276123046875,5615100,0.0,0.0
2019-06-03 00:00:00-04:00,49.644982850764656,50.82149684101881,49.57747831152596,50.242881774902344,7244600,0.0,0.0
2019-06-04 00:00:00-04:00,50.9661503538801,52.43197010988792,50.937220886704694,52.37411117553711,7619300,0.0,0.0
2019-06-05 00:00:00-04:00,52.8948630355852,53.26131891544844,52.3066096562619,52.98165512084961,6379100,0.0,0.0
2019-06-06 00:00:00-04:00,53.097380202467306,53.251676833751056,52.42233106108019,52.74056625366211,6192000,0.0,0.0
2019-06-07 00:00:00-04:00,52.96236282839207,53.85921306938655,52.96236282839207,53.107017517089844,4234800,0.0,0.0
2019-06-10 00:00:00-04:00,53.52169414798391,53.90743755927792,52.701993997386396,52.77914047241211,3312900,0.0,0.0
2019-06-11 00:00:00-04:00,53.05880287954414,53.33846666151129,52.53805039147876,52.92379379272461,2833700,0.0,0.0
2019-06-12 00:00:00-04:00,53.08773300389379,53.502405877810865,52.94308198567824,53.47347640991211,3856200,0.0,0.0
2019-06-13 00:00:00-04:00,53.70492046728008,55.199673433188245,53.68563292876339,54.50533676147461,6300400,0.0,0.0
2019-06-14 00:00:00-04:00,54.55355610377512,54.611418721802224,53.7917148540005,53.994232177734375,4382500,0.0,0.0
2019-06-17 00:00:00-04:00,53.79171423884603,53.94601087309848,53.29024925784509,53.68563461303711,4057300,0.0,0.0
2019-06-18 00:00:00-04:00,53.9556522953108,54.505334242102485,53.483116820298164,54.032798767089844,3642500,0.0,0.0
2019-06-19 00:00:00-04:00,54.27388973275645,54.54391159204821,53.95565454547355,54.35103988647461,3196800,0.0,0.0
2019-06-20 00:00:00-04:00,54.82357085917746,54.85250400573762,53.35775474829758,53.97494125366211,5055700,0.0,0.0
2019-06-21 00:00:00-04:00,54.00387410804457,54.833219906156486,53.57955927867842,53.994232177734375,8573500,0.0,0.0
2019-06-24 00:00:00-04:00,54.10029863572031,54.22566578009271,53.68562580940656,54.07136917114258,2896000,0.0,0.0
2019-06-25 00:00:00-04:00,54.05208682192977,54.698206463029926,53.86886073081983,53.926719665527344,3579600,0.0,0.0
2019-06-26 00:00:00-04:00,54.071371876911144,54.784996028216604,53.849570720366316,54.370323181152344,4437700,0.0,0.0
2019-06-27 00:00:00-04:00,54.727135045520576,55.37325099745223,54.48604634487952,54.794639587402344,4375400,0.0,0.0
2019-06-28 00:00:00-04:00,54.86214761162025,55.373254512230524,54.67892151184268,54.72713851928711,8034800,0.0,0.0
2019-07-01 00:00:00-04:00,55.25753270705055,55.83614782991502,55.209315699825645,55.73006820678711,5009000,0.0,0.0
2019-07-02 00:00:00-04:00,56.51118992739222,57.109092553329575,56.01937059699511,56.453330993652344,6837100,0.0,0.0
2019-07-03 00:00:00-04:00,56.89693313825817,57.4948320835673,56.79085352177782,57.041587829589844,3303900,0.0,0.0
2019-07-05 00:00:00-04:00,57.04158442331426,57.27302750115823,55.78792031656076,56.60762405395508,5896900,0.0,0.0
2019-07-08 00:00:00-04:00,56.80050175776771,57.54305175004152,56.742639142813665,57.253746032714844,7800600,0.0,0.0
2019-07-09 00:00:00-04:00,57.446613475362106,57.851644392548714,56.47261677425211,56.85835647583008,7870200,0.0,0.0
2019-07-10 00:00:00-04:00,57.22481823093033,57.54305342563983,56.66549063958613,57.35018539428711,7781300,0.0,0.0
2019-07-11 00:00:00-04:00,58.10238275591968,58.62313528509008,57.35018711071043,58.01559066772461,12695600,0.0,0.0
2019-07-12 00:00:00-04:00,58.08308700861431,60.021442144816916,57.88057339101746,59.45247268676758,10045700,0.0,0.0
2019-07-15 00:00:00-04:00,59.375323309187685,60.18538146879274,59.12459268587443,59.50069046020508,5889000,0.0,0.0
2019-07-16 00:00:00-04:00,59.67428020657243,61.00508727449921,59.51998357498432,60.908653259277344,10319700,0.0,0.0
2019-07-17 00:00:00-04:00,60.97616097484842,61.01473605443081,59.973230978038515,60.03109359741211,7532000,0.0,0.0
2019-07-18 00:00:00-04:00,59.568196525531384,60.42647171020508,59.44282937130395,60.42647171020508,4482200,0.0,0.0
2019-07-19 00:00:00-04:00,60.6193422010306,60.84114335950225,58.69063263652423,58.73884963989258,7902700,0.0,0.0
2019-07-22 00:00:00-04:00,59.25960515867695,59.43318932272453,58.883507362814434,59.105308532714844,4786300,0.0,0.0
2019-07-23 00:00:00-04:00,59.259603276215394,60.86043209924036,59.08601911768195,60.84114456176758,7452200,0.0,0.0
2019-07-24 00:00:00-04:00,60.552893099508864,61.571974557727984,60.54318918380286,61.30022048950195,5718800,0.403,0.0
2019-07-25 00:00:00-04:00,60.92170236507629,61.27110255426127,60.019086443805556,60.39760208129883,5351700,0.0,0.0
2019-07-26 00:00:00-04:00,60.41701618871362,60.81494337615888,60.087027518463536,60.32966613769531,3857900,0.0,0.0
2019-07-29 00:00:00-04:00,60.154964840504014,60.87317676820417,60.02879172434627,60.62083053588867,4972200,0.0,0.0
2019-07-30 00:00:00-04:00,60.475250501772955,60.83435461985938,60.26172733310841,60.78582763671875,2910000,0.0,0.0
2019-07-31 00:00:00-04:00,60.65964998403252,60.68876543126606,58.89324127268719,59.24264144897461,7229600,0.0,0.0
2019-08-01 00:00:00-04:00,59.50469282047557,59.95114696508711,58.010038125171214,58.54384231567383,5838000,0.0,0.0
2019-08-02 00:00:00-04:00,58.13621657175881,58.74766324673922,57.728581752733575,58.35944366455078,3739500,0.0,0.0
2019-08-05 00:00:00-04:00,57.62181309270564,57.641224624788514,55.35071567220511,56.117454528808594,8855700,0.0,0.0
2019-08-06 00:00:00-04:00,56.767733321449235,57.16566051125634,56.379510047425526,57.05889892578125,4704500,0.0,0.0
2019-08-07 00:00:00-04:00,56.311573549021155,57.79652077602105,55.73894623560753,57.49565124511719,7648800,0.0,0.0
2019-08-08 00:00:00-04:00,58.16532473483248,58.6700134605803,57.65093209425368,58.26237869262695,5414000,0.0,0.0
2019-08-09 00:00:00-04:00,57.932388158190314,58.38854989012262,57.330645494327364,57.777099609375,5606400,0.0,0.0
2019-08-12 00:00:00-04:00,57.330647334838424,57.5538743995286,56.554204565835384,56.93272018432617,4788300,0.0,0.0
2019-08-13 00:00:00-04:00,56.48626764234169,58.155618717018086,56.45714849230558,57.107421875,6156200,0.0,0.0
2019-08-14 00:00:00-04:00,56.214511555005494,56.350392287001945,55.03043765229318,55.544830322265625,7662800,0.0,0.0
2019-08-15 00:00:00-04:00,55.77776782414624,56.00099491295821,55.10808285533877,55.428367614746094,4360400,0.0,0.0
2019-08-16 00:00:00-04:00,55.738947165029224,56.64156317753484,55.53513160152711,56.33098602294922,4226100,0.0,0.0
2019-08-19 00:00:00-04:00,56.95213196598545,57.26270907494802,56.42803170622193,56.476558685302734,3503500,0.0,0.0
2019-08-20 00:00:00-04:00,56.31157131253692,56.45715226295541,55.89423259040186,55.98158264160156,2513700,0.0,0.0
2019-08-21 00:00:00-04:00,56.534795501379534,56.84537262253646,56.14657224874771,56.30186080932617,3014900,0.0,0.0
2019-08-22 00:00:00-04:00,56.418334050131456,56.56391500352392,55.77776822903849,56.25333786010742,3436400,0.0,0.0
2019-08-23 00:00:00-04:00,56.11745548810967,56.3600940897367,54.19575820750814,54.54515838623047,5921400,0.0,0.0
2019-08-26 00:00:00-04:00,55.08866457436494,55.195426147758674,54.30251790186764,54.622798919677734,3414500,0.0,0.0
2019-08-27 00:00:00-04:00,54.9624965010201,55.011023480362525,53.93370750805314,54.48692321777344,7702800,0.0,0.0
2019-08-28 00:00:00-04:00,54.195762377504074,55.48659791224786,54.15693930968748,55.01102828979492,5264100,0.0,0.0
2019-08-29 00:00:00-04:00,55.43806628008741,56.41832829721639,55.37983538561681,56.175689697265625,4101400,0.0,0.0
2019-08-30 00:00:00-04:00,56.43774602769853,57.126838838668334,55.8942341712647,56.15628433227539,4268300,0.0,0.0
2019-09-03 00:00:00-04:00,55.74864643722306,56.2048082148081,54.981911233296216,55.603065490722656,6601700,0.0,0.0
2019-09-04 00:00:00-04:00,55.923345962613006,56.33098075385959,55.06926071857788,55.544830322265625,4939600,0.0,0.0
2019-09-05 00:00:00-04:00,55.96216604277808,57.20447447862834,55.8554044673776,56.476558685302734,4461600,0.0,0.0
2019-09-06 00:00:00-04:00,56.97155129649706,57.22389384368122,56.18540079924158,56.27275085449219,5741100,0.0,0.0
2019-09-09 00:00:00-04:00,56.27274504011438,56.72890680399819,55.86511395931112,56.39891815185547,5740500,0.0,0.0
2019-09-10 00:00:00-04:00,56.36980667332576,56.990960955835426,56.098048897949106,56.91331481933594,4409600,0.0,0.0
2019-09-11 00:00:00-04:00,56.89389814993199,57.43740994925602,56.42803248009907,57.04918670654297,4163700,0.0,0.0
2019-09-12 00:00:00-04:00,57.04919247717021,58.12650856741869,57.04919247717021,57.68975830078125,5188700,0.0,0.0
2019-09-13 00:00:00-04:00,58.233265597716546,58.79618894229937,57.8547499637108,58.24296951293945,7548400,0.0,0.0
2019-09-16 00:00:00-04:00,56.32127657350875,57.38888874726834,55.56424524661078,57.33065414428711,9556400,0.0,0.0
2019-09-17 00:00:00-04:00,56.59303316138526,58.01004181611323,56.447448508180095,57.62181854248047,8176700,0.0,0.0
2019-09-18 00:00:00-04:00,57.69946422270817,57.74799120593634,56.94242921533706,57.5635871887207,4075600,0.0,0.0
2019-09-19 00:00:00-04:00,57.505349578436615,57.505349578436615,56.59302975342142,56.96183776855469,3569900,0.0,0.0
2019-09-20 00:00:00-04:00,57.06859888828407,57.437410602820954,56.76772938901062,56.90360641479492,6139400,0.0,0.0
2019-09-23 00:00:00-04:00,56.593030890839955,56.93272346486131,56.13686911797867,56.31156921386719,4387100,0.0,0.0
2019-09-24 00:00:00-04:00,56.89389892171638,57.1753605913829,55.86511360860208,56.29215621948242,5047700,0.0,0.0
2019-09-25 00:00:00-04:00,56.33097888703655,56.76772911233696,55.98157870679622,56.5930290222168,3193100,0.0,0.0
2019-09-26 00:00:00-04:00,56.39891703272553,57.07830585628775,56.22421694374177,57.04918670654297,3795400,0.0,0.0
2019-09-27 00:00:00-04:00,57.233600229304216,57.63152742745767,56.44744974898424,56.56391525268555,4395800,0.0,0.0
2019-09-30 00:00:00-04:00,56.78713499950862,56.96183508365148,55.82628823909408,55.9039306640625,5208200,0.0,0.0
2019-10-01 00:00:00-04:00,56.3406839538772,56.952134281797704,54.98190997250772,55.33130645751953,7102200,0.0,0.0
2019-10-02 00:00:00-04:00,54.0987036956337,54.10840761055639,51.31320991167896,52.749629974365234,13770400,0.0,0.0
2019-10-03 00:00:00-04:00,51.555852974595076,52.27406491930744,50.28442897448278,51.27439498901367,14346800,0.0,0.0
2019-10-04 00:00:00-04:00,51.29380500621999,52.3711211180083,51.12881251462011,52.22554016113281,6620900,0.0,0.0
2019-10-07 00:00:00-04:00,52.16730349805447,52.51670370456043,51.67232234041874,51.788787841796875,8659800,0.0,0.0
2019-10-08 00:00:00-04:00,51.45879524089414,52.506992078021305,51.33262213098313,51.63349533081055,8039400,0.0,0.0
2019-10-09 00:00:00-04:00,52.419644513202336,52.79816386084432,52.012013419025244,52.33229446411133,7615300,0.0,0.0
2019-10-10 00:00:00-04:00,50.420306363826754,51.691730372876656,49.566217378201216,51.536441802978516,22703500,0.0,0.0
2019-10-11 00:00:00-04:00,51.92466960003314,52.186719778747836,51.08999207576526,51.390865325927734,10935000,0.0,0.0
2019-10-14 00:00:00-04:00,50.51735635470047,51.63349540835696,50.43971392704948,51.42967987060547,6631900,0.0,0.0
2019-10-15 00:00:00-04:00,51.64320054280999,52.400235518916695,51.44908891554234,52.06053924560547,8413300,0.0,0.0
2019-10-16 00:00:00-04:00,52.16730109836309,52.53611282186201,51.507323783626646,51.60437774658203,5532800,0.0,0.0
2019-10-17 00:00:00-04:00,51.94407326161759,52.177004250250796,51.68202312262676,51.79848861694336,4402000,0.0,0.0
2019-10-18 00:00:00-04:00,51.62379136475437,52.40023790924392,51.61408744901543,52.24494934082031,6966400,0.0,0.0
2019-10-21 00:00:00-04:00,52.59434290826762,53.36108179186323,52.50699286200519,52.972862243652344,6699600,0.0,0.0
2019-10-22 00:00:00-04:00,53.079617548536184,53.34166767462681,52.46817095669585,53.04079818725586,5646900,0.0,0.0
2019-10-23 00:00:00-04:00,52.8481791911847,53.033956863930996,52.408184347675295,52.61351776123047,4876100,0.403,0.0
2019-10-24 00:00:00-04:00,53.0926258251672,53.44462173623126,52.290859018799736,52.59396743774414,4825300,0.0,0.0
2019-10-25 00:00:00-04:00,52.41796701584555,53.5228421891709,52.40818727995583,53.38595199584961,4412800,0.0,0.0
2019-10-28 00:00:00-04:00,53.50328811439648,54.09972520645651,53.50328811439648,53.94327926635742,3966400,0.0,0.0
2019-10-29 00:00:00-04:00,53.913943996430696,54.627711767072675,53.88461224951602,54.14860916137695,4480100,0.0,0.0
2019-10-30 00:00:00-04:00,54.1290544153184,54.1779419043671,53.59128457603001,54.089942932128906,3814100,0.0,0.0
2019-10-31 00:00:00-04:00,53.796610794140804,53.97260872725245,53.200173768582026,53.85527801513672,7024000,0.0,0.0
2019-11-01 00:00:00-04:00,54.314825338355185,54.82326340185124,54.001940950030864,54.774375915527344,5389600,0.0,0.0
2019-11-04 00:00:00-05:00,55.488146807628944,55.70325623550969,55.165482665807815,55.615257263183594,6164400,0.0,0.0
2019-11-05 00:00:00-05:00,56.006357712617124,56.84723590470653,55.78147229168932,56.23124313354492,6915300,0.0,0.0
2019-11-06 00:00:00-05:00,56.221467284367584,56.31924225725951,55.77169644126292,56.29969024658203,5120300,0.0,0.0
2019-11-07 00:00:00-05:00,56.632131618475036,57.13079372168265,56.29969518950524,56.37791442871094,7754400,0.0,0.0
2019-11-08 00:00:00-05:00,56.20191154381397,56.377909478920344,55.76191670604804,56.29969024658203,4821000,0.0,0.0
2019-11-11 00:00:00-05:00,55.98680328946245,56.241024192058966,55.82058508612152,55.93791580200195,3811600,0.0,0.0
2019-11-12 00:00:00-05:00,56.309468576275805,56.407243553203706,55.77169874341976,55.947696685791016,4424700,0.0,0.0
2019-11-13 00:00:00-05:00,55.47836708860339,55.61525354086523,55.048148261636356,55.24370193481445,4110600,0.0,0.0
2019-11-14 00:00:00-05:00,55.01882197796619,55.48814860225915,54.82326828537501,55.29259490966797,3763900,0.0,0.0
2019-11-15 00:00:00-05:00,55.62503372475992,55.957473875173534,55.556590493487384,55.58592224121094,4350100,0.0,0.0
2019-11-18 00:00:00-05:00,55.51747390464741,55.82058227946414,55.23392499968287,55.81080627441406,3788400,0.0,0.0
2019-11-19 00:00:00-05:00,56.07480211831593,56.21169230468896,55.43925732316975,55.801029205322266,4704900,0.0,0.0
2019-11-20 00:00:00-05:00,55.53703458660576,55.58592207595847,54.05083178505013,54.432159423828125,7383600,0.0,0.0
2019-11-21 00:00:00-05:00,54.500604974367384,54.74504614468144,54.03127464507329,54.08016586303711,5021300,0.0,0.0
2019-11-22 00:00:00-05:00,54.33438711875188,54.881936724123946,53.89439223317402,54.86238098144531,9648200,0.0,0.0
2019-11-25 00:00:00-05:00,55.13615356884898,55.429482247411514,54.45171749895205,55.097042083740234,6822400,0.0,0.0
2019-11-26 00:00:00-05:00,55.06770664628431,56.20191352933042,54.99926341686675,56.18235778808594,4888100,0.0,0.0
2019-11-27 00:00:00-05:00,56.25080005663362,56.299691273847806,55.41970158225932,55.801029205322266,4062500,0.0,0.0
2019-11-29 00:00:00-05:00,55.879251925588555,56.563684205091754,55.742361739811734,56.03569412231445,2653600,0.0,0.0
2019-12-02 00:00:00-05:00,55.97703009449963,56.36813747357333,55.45881598762191,55.4881477355957,5628200,0.0,0.0
2019-12-03 00:00:00-05:00,54.64727484034789,54.75482956663406,53.32729383381724,54.383277893066406,6871700,0.0,0.0
2019-12-04 00:00:00-05:00,54.70593710476858,55.31215018984825,54.5201594199145,54.81349182128906,4760100,0.0,0.0
2019-12-05 00:00:00-05:00,55.136151495360686,55.155707237179634,54.461495187050794,54.63749313354492,3899900,0.0,0.0
2019-12-06 00:00:00-05:00,55.18503319608756,55.34147538435203,54.87214881955861,54.89170455932617,4568200,0.0,0.0
2019-12-09 00:00:00-05:00,54.74505428499423,54.90149650806235,54.412614094739894,54.55927658081055,4057000,0.0,0.0
2019-12-10 00:00:00-05:00,54.55926591160524,55.11659145541624,54.197494040857556,54.29526901245117,4871900,0.0,0.0
2019-12-11 00:00:00-05:00,54.16816240069606,54.28549311281179,53.728167567916955,53.85527801513672,5544300,0.0,0.0
2019-12-12 00:00:00-05:00,54.66681868188453,56.211688541498916,54.37349004761783,55.429473876953125,8868000,0.0,0.0
2019-12-13 00:00:00-05:00,55.52725700620038,56.016139345617795,55.17526112503964,55.468589782714844,4440400,0.0,0.0
2019-12-16 00:00:00-05:00,55.898803997813005,57.18945678456169,55.87925198684249,57.121009826660156,7460700,0.0,0.0
2019-12-17 00:00:00-05:00,57.12101664220664,57.981450692745355,57.0330213927114,57.385013580322266,6663200,0.0,0.0
2019-12-18 00:00:00-05:00,58.16722779694424,58.31389027448928,57.15035154117492,57.277462005615234,5026900,0.0,0.0
2019-12-19 00:00:00-05:00,57.31656269771729,57.92277946579534,57.12100902188166,57.82500076293945,4455700,0.0,0.0
2019-12-20 00:00:00-05:00,58.225892224372885,58.2552277042509,57.60989936520777,57.658790588378906,6025700,0.0,0.0
2019-12-23 00:00:00-05:00,57.854334994938704,58.587658513427115,57.717448534934405,58.11833190917969,3648100,0.0,0.0
2019-12-24 00:00:00-05:00,58.3334396556651,58.39210687821087,57.84455732407895,58.06944274902344,1076000,0.0,0.0
2019-12-26 00:00:00-05:00,58.157445214276,58.39211038869073,57.94233578188553,58.23566818237305,2464400,0.0,0.0
2019-12-27 00:00:00-05:00,58.304112019768226,58.323667761995495,57.482789495605225,57.76634216308594,3538600,0.0,0.0
2019-12-30 00:00:00-05:00,57.93255218855087,57.98143967227067,56.94501158985769,57.35567092895508,3779300,0.0,0.0
2019-12-31 00:00:00-05:00,57.189459606449475,57.42412104843631,57.04279340780042,57.17967987060547,2917300,0.0,0.0
2020-01-02 00:00:00-05:00,57.619675355839945,58.06944623271147,57.150348736946654,57.727230072021484,4459200,0.0,0.0
2020-01-03 00:00:00-05:00,56.221474281247254,56.82768739434917,55.64459291768809,56.76902389526367,9078100,0.0,0.0
2020-01-06 00:00:00-05:00,55.72281384709193,56.47568941018718,55.40014969444271,56.37791442871094,5504300,0.0,0.0
2020-01-07 00:00:00-05:00,56.62235776872849,56.77879998297442,56.19214261202134,56.32902908325195,5563000,0.0,0.0
2020-01-08 00:00:00-05:00,56.46591083370162,58.0792240637579,56.44635509232124,57.54145050048828,8519000,0.0,0.0
2020-01-09 00:00:00-05:00,57.94233455428907,58.14766797625531,57.277457988932646,57.64900588989258,5336700,0.0,0.0
2020-01-10 00:00:00-05:00,57.9325627192171,58.167227905554576,57.31656986872327,57.922786712646484,8279700,0.0,0.0
2020-01-13 00:00:00-05:00,57.717450277739836,58.37255458023967,57.717450277739836,58.1672248840332,8414200,0.0,0.0
2020-01-14 00:00:00-05:00,60.66052236955668,60.865852059647835,59.50675973493551,60.083641052246094,16454100,0.0,0.0
2020-01-15 00:00:00-05:00,60.17163581117788,60.56273942256008,59.67297376457984,60.249855041503906,7953400,0.0,0.0
2020-01-16 00:00:00-05:00,60.68007967350615,61.09073906426305,60.259640546849475,60.50408172607422,4950300,0.0,0.0
2020-01-17 00:00:00-05:00,60.74852028254267,61.09073642673192,60.49429937839389,60.65074157714844,5770000,0.0,0.0
2020-01-21 00:00:00-05:00,59.888091123975826,60.24008703185209,57.13079481878045,58.99832534790039,16592000,0.0,0.0
2020-01-22 00:00:00-05:00,59.28187728442987,59.369876260304885,58.23566931006939,58.31388854980469,7096400,0.0,0.0
2020-01-23 00:00:00-05:00,57.873894327078894,59.03743676905885,56.89612957509656,58.92988204956055,7774500,0.0,0.0
2020-01-24 00:00:00-05:00,58.76365972609693,58.871214444906876,56.553913041905034,57.50234603881836,10989500,0.0,0.0
2020-01-27 00:00:00-05:00,55.233924173459926,55.908580408104065,54.38326628166293,55.56636428833008,13090200,0.0,0.0
2020-01-28 00:00:00-05:00,56.270358973077705,56.68102209561956,55.48814794189847,56.2019157409668,6343700,0.0,0.0
2020-01-29 00:00:00-05:00,56.3583582201667,56.51480042716025,55.312150261545476,55.39037322998047,5662000,0.0,0.0
2020-01-30 00:00:00-05:00,54.41260836193325,55.90858719552596,54.41260836193325,55.83036422729492,5980700,0.0,0.0
2020-01-31 00:00:00-05:00,55.4392597626115,55.81081139650637,54.19749813423043,54.500606536865234,9320800,0.0,0.0
2020-02-03 00:00:00-05:00,54.95037989447553,55.97703213970886,54.75482619779382,54.79393768310547,7497600,0.0,0.0
2020-02-04 00:00:00-05:00,55.92814275464879,57.1014611651417,55.879255264602506,56.641910552978516,6880800,0.0,0.0
2020-02-05 00:00:00-05:00,57.65877791814158,57.98143828688344,57.2970023415322,57.5805549621582,6067000,0.0,0.0
2020-02-06 00:00:00-05:00,58.47033036423799,58.69521580553825,56.729910330772036,56.8863525390625,5210200,0.0,0.0
2020-02-07 00:00:00-05:00,56.67124878704788,56.95480148359588,56.241033603575524,56.632137298583984,3836800,0.0,0.0
2020-02-10 00:00:00-05:00,56.26058536946463,56.82768699258246,56.15303064873282,56.42680358886719,4541100,0.0,0.0
2020-02-11 00:00:00-05:00,56.80812141361597,57.785886007515565,56.68101470191969,57.35567092895508,4566500,0.0,0.0
2020-02-12 00:00:00-05:00,57.9716727928536,58.58766189846311,57.864118073814204,58.14767074584961,5227500,0.0,0.0
2020-02-13 00:00:00-05:00,57.44367208958378,57.893442924817066,57.052564745108526,57.815223693847656,4353100,0.0,0.0
2020-02-14 00:00:00-05:00,57.9227797924772,58.14766521549986,57.27745526949333,57.59033966064453,3810100,0.0,0.0
2020-02-18 00:00:00-05:00,57.56100725571928,58.14766831783485,57.111236385677465,57.414344787597656,5690600,0.0,0.0
2020-02-19 00:00:00-05:00,57.58466391876634,57.67327100357891,57.13178117658461,57.60435104370117,4399900,0.403,0.0
2020-02-20 00:00:00-05:00,57.29915377465683,58.07692668440816,57.22039024957496,57.47636795043945,5239400,0.0,0.0
2020-02-21 00:00:00-05:00,57.062861687866715,57.121934326225414,55.98973316941684,56.9742546081543,6295600,0.0,0.0
2020-02-24 00:00:00-05:00,53.9813172831033,54.52280337337759,52.51437855117502,53.390602111816406,17983100,0.0,0.0
2020-02-25 00:00:00-05:00,53.69580372835515,53.86317058131882,49.964466326919485,50.102298736572266,15836500,0.0,0.0
2020-02-26 00:00:00-05:00,50.64378928316436,50.96868321086976,48.24155795343608,48.822425842285156,15985900,0.0,0.0
2020-02-27 00:00:00-05:00,45.996843984427116,50.190903767170745,44.333000307209545,47.444087982177734,21949100,0.0,0.0
2020-02-28 00:00:00-05:00,45.307687124203596,47.05029090847898,44.44130701410945,45.415985107421875,19851300,0.0,0.0
2020-03-02 00:00:00-05:00,45.5045857625897,46.51864172429494,43.64384069452215,46.43003463745117,20098700,0.0,0.0
2020-03-03 00:00:00-05:00,49.0390204767359,49.19654377682005,45.327373728123064,45.465206146240234,26344100,0.0,0.0
2020-03-04 00:00:00-05:00,46.76477274943873,47.887126694521,45.30768133339756,47.74929428100586,20381800,0.0,0.0
2020-03-05 00:00:00-05:00,45.780251266600736,45.84916747343166,43.73244467604862,44.31331253051758,22918800,0.0,0.0
2020-03-06 00:00:00-05:00,42.79715468614263,46.20359848356227,42.20643947920656,45.17969512939453,25809300,0.0,0.0
2020-03-09 00:00:00-04:00,42.37380843287652,44.31331333342685,41.7732496861956,42.846378326416016,25784700,0.0,0.0
2020-03-10 00:00:00-04:00,44.8646440367151,45.169847050907215,40.81826010849559,44.76619338989258,28693300,0.0,0.0
2020-03-11 00:00:00-04:00,43.31895233228473,43.6536898414421,41.08408774991816,42.00953674316406,23542000,0.0,0.0
2020-03-12 00:00:00-04:00,36.89001991657112,38.17974061186914,32.94208680069761,33.18821716308594,36331900,0.0,0.0
2020-03-13 00:00:00-04:00,37.94346097293268,38.14036603164772,34.251505205719106,37.7662467956543,33052500,0.0,0.0
2020-03-16 00:00:00-04:00,32.29230624793873,37.49058261138812,30.74660770727689,35.25571823120117,35535400,0.0,0.0
2020-03-17 00:00:00-04:00,35.669213899554414,36.614353648935655,30.12635861782619,31.24871253967285,33097500,0.0,0.0
2020-03-18 00:00:00-04:00,29.32889603250179,29.32889603250179,18.804360798689615,23.12640953063965,64242500,0.0,0.0
2020-03-19 00:00:00-04:00,22.998422380324808,23.776193373279344,19.69042960566831,21.17705726623535,44623400,0.0,0.0
2020-03-20 00:00:00-04:00,22.81136395085968,26.43440348578516,20.930927976671583,21.019535064697266,55062900,0.0,0.0
2020-03-23 00:00:00-04:00,21.82684278897665,22.476626860272912,20.281144259443852,21.876068115234375,44426400,0.0,0.0
2020-03-24 00:00:00-04:00,25.853535751818402,28.531433652801255,24.140468505105936,26.473783493041992,65730300,0.0,0.0
2020-03-25 00:00:00-04:00,31.00258464538773,32.76487731511074,26.975891191850362,30.618621826171875,70733900,0.0,0.0
2020-03-26 00:00:00-04:00,32.105247866686966,35.33447730062721,29.949145178612262,31.209333419799805,57779500,0.0,0.0
2020-03-27 00:00:00-04:00,30.244501611832916,30.83521492270766,28.57081608848463,29.09261131286621,34960700,0.0,0.0
2020-03-30 00:00:00-04:00,28.049018351651096,28.83663670760569,25.597559950921198,28.226232528686523,29527500,0.0,0.0
2020-03-31 00:00:00-04:00,28.895707240087987,30.05744294429265,27.980101918034286,28.08839988708496,25002300,0.0,0.0
2020-04-01 00:00:00-04:00,26.17842818497385,26.17842818497385,23.323316063330722,23.500530242919922,56133000,0.0,0.0
2020-04-02 00:00:00-04:00,23.549751443644055,24.268451599112577,22.16157645049097,22.32894515991211,39407400,0.0,0.0
2020-04-03 00:00:00-04:00,22.67353376792288,23.283936125675172,21.413345408117465,22.13204574584961,48967800,0.0,0.0
2020-04-06 00:00:00-04:00,21.964676195701998,23.136257416185185,20.43866847895632,21.97452163696289,95093000,0.0,0.0
2020-04-07 00:00:00-04:00,24.819786151955455,25.44988118984957,21.56102050771643,21.905603408813477,98907200,0.0,0.0
2020-04-08 00:00:00-04:00,22.732601399403958,23.27408746884742,22.18126988970189,22.870433807373047,67565200,0.0,0.0
2020-04-09 00:00:00-04:00,25.006844777438797,25.13483361917434,22.988576529999847,24.01247787475586,91692900,0.0,0.0
2020-04-13 00:00:00-04:00,24.593347048718027,24.672108694980164,21.73823502443334,22.890125274658203,76173000,0.0,0.0
2020-04-14 00:00:00-04:00,23.618670213587365,24.898549271529326,23.46114692612154,24.160158157348633,60843600,0.0,0.0
2020-04-15 00:00:00-04:00,24.524432216954906,25.105300094866116,22.949197325633428,23.973100662231445,88092500,0.0,0.0
2020-04-16 00:00:00-04:00,23.392231214461763,23.43161109824342,22.27972086078723,22.427400588989258,57610200,0.0,0.0
2020-04-17 00:00:00-04:00,23.776195194859376,24.22907608695595,23.224863649452363,23.894338607788086,52594500,0.0,0.0
2020-04-20 00:00:00-04:00,23.07718662170346,23.74666160411893,22.55538950239119,23.274089813232422,42950800,0.0,0.0
2020-04-21 00:00:00-04:00,22.663685254963976,23.402076375868162,22.447089324356952,22.742446899414062,38616700,0.0,0.0
2020-04-22 00:00:00-04:00,23.510375339079147,23.569447988011632,21.29520170541182,22.12220001220703,70143800,0.0,0.0
2020-04-23 00:00:00-04:00,22.29941449771575,22.604615676591898,22.063129532344607,22.13204574584961,43581800,0.0,0.0
2020-04-24 00:00:00-04:00,22.181269010948675,22.328946853325835,21.413341601631554,22.063125610351562,43694600,0.0,0.0
2020-04-27 00:00:00-04:00,22.47662311559551,23.07718176057905,21.65947044220708,21.816993713378906,50561700,0.0,0.0
2020-04-28 00:00:00-04:00,22.643997689866993,24.514588427812544,22.29941474076034,23.9632568359375,83972100,0.0,0.0
2020-04-29 00:00:00-04:00,25.292359721990398,27.172795775140756,25.105300097433958,26.89712905883789,81614900,0.0,0.0
2020-04-30 00:00:00-04:00,26.286727982312378,26.808523238650817,25.10530128820752,25.508955001831055,63570700,0.0,0.0
2020-05-01 00:00:00-04:00,24.56381303086497,25.006846594585546,23.352850116580143,23.746660232543945,45146100,0.0,0.0
2020-05-04 00:00:00-04:00,20.862014471324105,22.437249500634124,20.182694001105368,22.220653533935547,91387100,0.0,0.0
2020-05-05 00:00:00-04:00,22.663687012224866,23.136256915566744,21.17705921486424,21.37396240234375,51178700,0.0,0.0
2020-05-06 00:00:00-04:00,21.423188120614387,21.75792558170412,20.428821177709672,20.674951553344727,52949200,0.0,0.0
2020-05-07 00:00:00-04:00,20.74387022717607,22.1517364438365,20.694644897320156,21.34442901611328,48328200,0.0,0.0
2020-05-08 00:00:00-04:00,22.01390162680095,22.56523314816994,21.70869860580272,22.368328094482422,43175900,0.0,0.0
2020-05-11 00:00:00-04:00,21.757926240971514,22.161579919017694,21.216438271471805,21.66931915283203,39151900,0.0,0.0
2020-05-12 00:00:00-04:00,21.757924501910146,22.05328018688412,20.704486846923828,20.704486846923828,37466300,0.0,0.0
2020-05-13 00:00:00-04:00,20.64541491471545,20.64541491471545,18.794515344650822,19.109561920166016,72264900,0.0,0.0
2020-05-14 00:00:00-04:00,18.509007908803518,19.23755564684116,17.23897584424575,19.08003044128418,88506300,0.0,0.0
2020-05-15 00:00:00-04:00,18.676373187959822,19.345848144579822,18.331792146604677,18.892969131469727,46861800,0.0,0.0
2020-05-18 00:00:00-04:00,20.586344593344624,21.60040242315806,20.231916249365995,21.52164077758789,74367700,0.0,0.0
2020-05-19 00:00:00-04:00,22.22065109328414,22.22065109328414,20.98999915521722,21.423189163208008,70906400,0.0,0.0
2020-05-20 00:00:00-04:00,21.994210745867047,22.742447320923556,21.797305692179528,22.368328094482422,50857000,0.0,0.0
2020-05-21 00:00:00-04:00,22.41755658281234,23.313471060616227,22.3191040503208,22.8015193939209,46567200,0.0,0.0
2020-05-22 00:00:00-04:00,22.880280814783728,23.037804114059366,21.885913814465106,22.338794708251953,37139300,0.0,0.0
2020-05-26 00:00:00-04:00,24.101087083091723,25.469573313932415,23.9041838998708,25.25297737121582,78557100,0.0,0.0
2020-05-27 00:00:00-04:00,27.241711676314836,27.418925857801174,24.347217760298324,25.912607192993164,92712000,0.0,0.0
2020-05-28 00:00:00-04:00,25.843692927274713,25.951990908064754,24.563815552482936,25.26282501220703,53868100,0.0,0.0
2020-05-29 00:00:00-04:00,24.238921978067133,25.213598110985764,23.992791584567705,24.819787979125977,50424400,0.0,0.0
2020-06-01 00:00:00-04:00,24.937930572612213,26.345796677495734,24.69180018722211,25.764928817749023,46510800,0.0,0.0
2020-06-02 00:00:00-04:00,26.267034333589578,26.56239003710475,25.538488637469836,26.00121307373047,43200400,0.0,0.0
2020-06-03 00:00:00-04:00,26.59192685451936,28.15731624356055,26.286725704818327,28.029327392578125,65011100,0.0,0.0
2020-06-04 00:00:00-04:00,29.80146967810074,32.30215547663768,28.76772085768883,31.87881088256836,134626500,0.0,0.0
2020-06-05 00:00:00-04:00,36.62420668046092,36.663588448408106,32.93225043758486,33.63125991821289,130685400,0.0,0.0
2020-06-08 00:00:00-04:00,36.06302482693775,36.506060268183,34.83237290995183,36.397762298583984,82137300,0.0,0.0
2020-06-09 00:00:00-04:00,33.96599192181712,34.19243141728439,32.14462863986434,33.64109802246094,60254500,0.0,0.0
2020-06-10 00:00:00-04:00,31.74097804621374,32.479369246440015,29.299363050317808,31.1502628326416,90379400,0.0,0.0
2020-06-11 00:00:00-04:00,26.237496148081718,29.112298844172184,26.18827082693496,26.77898406982422,88001500,0.0,0.0
2020-06-12 00:00:00-04:00,29.427347575901138,30.26419124187394,28.30499364614101,29.9589900970459,68352400,0.0,0.0
2020-06-15 00:00:00-04:00,27.86196077352627,30.490633543721753,27.566605042063113,29.988527297973633,64288700,0.0,0.0
2020-06-16 00:00:00-04:00,32.12493858560851,32.508901381525284,30.13620464370345,30.815523147583008,63426700,0.0,0.0
2020-06-17 00:00:00-04:00,30.36264261045253,30.677689183777087,29.614406059893856,30.24449920654297,37722100,0.0,0.0
2020-06-18 00:00:00-04:00,29.41750300641842,30.667845822139476,29.141838174989157,30.313419342041016,40662600,0.0,0.0
2020-06-19 00:00:00-04:00,31.02227536260713,31.032120803794307,28.57081684177685,29.053232192993164,48103900,0.0,0.0
2020-06-22 00:00:00-04:00,28.58066032646944,29.378122229781436,28.1179340114776,28.856325149536133,42192700,0.0,0.0
2020-06-23 00:00:00-04:00,29.072921103541375,29.191062634122943,28.285302762419253,29.181217193603516,33475000,0.0,0.0
2020-06-24 00:00:00-04:00,28.304993817511523,28.541278757953396,26.51316494412466,26.916818618774414,45272500,0.0,0.0
2020-06-25 00:00:00-04:00,26.109511577684255,27.724126295342966,25.86338119375697,27.576448440551758,37309400,0.0,0.0
2020-06-26 00:00:00-04:00,27.586292503959186,27.665054147770586,25.8338435818734,26.493473052978516,45683400,0.0,0.0
2020-06-29 00:00:00-04:00,26.778984903003494,28.373908642819437,26.168580761533665,28.167160034179688,38727300,0.0,0.0
2020-06-30 00:00:00-04:00,27.911185139650257,28.21638628147338,27.172794008325255,27.615827560424805,27054800,0.0,0.0
2020-07-01 00:00:00-04:00,28.570816017782512,29.38796883449224,27.06449736045337,27.27124786376953,39305300,0.0,0.0
2020-07-02 00:00:00-04:00,28.09824473001342,28.28530246443455,27.17279398702047,27.290935516357422,29240100,0.0,0.0
2020-07-06 00:00:00-04:00,27.80288894100805,28.186851752811823,26.857749134160034,27.999794006347656,27345200,0.0,0.0
2020-07-07 00:00:00-04:00,27.428772212608227,27.51737930630355,26.44425061850543,26.591928482055664,24598100,0.0,0.0
2020-07-08 00:00:00-04:00,26.237500107274364,26.85774976314164,25.794466516623654,26.591928482055664,27214100,0.0,0.0
2020-07-09 00:00:00-04:00,26.375333214660984,26.50332018986329,24.82963280444338,25.25297737121582,31219800,0.0,0.0
2020-07-10 00:00:00-04:00,24.908394173815616,26.838057365814443,24.760716318600466,26.67068862915039,31349400,0.0,0.0
2020-07-13 00:00:00-04:00,26.808520849897484,27.192485524072957,25.902760965877746,26.40486717224121,34133100,0.0,0.0
2020-07-14 00:00:00-04:00,25.243128154987346,26.33594751248433,25.065914002114802,25.705854415893555,42273300,0.0,0.0
2020-07-15 00:00:00-04:00,27.074343980451143,28.432982961226738,26.503321527976485,28.157318115234375,47726600,0.0,0.0
2020-07-16 00:00:00-04:00,27.133414194280153,27.517378887051827,26.621464400294407,26.838058471679688,25914200,0.0,0.0
2020-07-17 00:00:00-04:00,26.90697238925904,27.30078061178203,26.523009607027337,26.631305694580078,20920100,0.0,0.0
2020-07-20 00:00:00-04:00,26.582083099734042,26.995582245287384,25.62709782735352,25.81415557861328,21574500,0.0,0.0
2020-07-21 00:00:00-04:00,26.08982457300072,26.532860081031163,25.94214669626593,26.02090835571289,20930300,0.0,0.0
2020-07-22 00:00:00-04:00,25.82399808447808,26.404865910485388,25.705856557935476,25.84368896484375,16710800,0.0,0.0
2020-07-23 00:00:00-04:00,25.597558707769196,27.271245989792085,25.380964656259177,26.36548614501953,28110700,0.0,0.0
2020-07-24 00:00:00-04:00,26.0701315384396,26.227654844341128,25.479418202395916,25.55817985534668,16774900,0.0,0.0
2020-07-27 00:00:00-04:00,25.548336376273983,25.755085011768408,24.97731392103699,25.105300903320312,18849800,0.0,0.0
2020-07-28 00:00:00-04:00,24.957620549372106,25.89291485325325,24.947775108974316,25.538488388061523,18615600,0.0,0.0
2020-07-29 00:00:00-04:00,25.61725128490224,25.784620024189678,24.98715621344172,25.3218936920166,14459700,0.0,0.0
2020-07-30 00:00:00-04:00,24.859169589827513,24.98715656741295,24.435825015172373,24.55396842956543,16844000,0.0,0.0
2020-07-31 00:00:00-04:00,24.41613497571041,24.62288548857653,24.051863034594096,24.58350372314453,17106500,0.0,0.0
2020-08-03 00:00:00-04:00,24.46535934916335,25.085607060278864,24.00263304805545,24.8099422454834,16590400,0.0,0.0
2020-08-04 00:00:00-04:00,25.05607476859132,25.814154952188055,24.91824047153438,25.272668838500977,17233600,0.0,0.0
2020-08-05 00:00:00-04:00,25.814155173032784,26.62146444667736,25.351430706065607,26.060285568237305,27782100,0.0,0.0
2020-08-06 00:00:00-04:00,26.483628720066328,26.877436955588628,25.725546693044784,26.660842895507812,30682500,0.0,0.0
2020-08-07 00:00:00-04:00,26.28672651706625,26.77898729919988,26.060285130137125,26.759296417236328,15254500,0.0,0.0
2020-08-10 00:00:00-04:00,27.034959004667414,28.954776646429387,26.956197361190423,28.885860443115234,34084900,0.0,0.0
2020-08-11 00:00:00-04:00,30.313418441602458,30.342952885334963,28.97446857617289,29.181217193603516,37293000,0.0,0.0
2020-08-12 00:00:00-04:00,29.5750266253194,29.811311558893465,27.92103021247521,28.63973045349121,26590000,0.0,0.0
2020-08-13 00:00:00-04:00,28.157315296626834,29.122145916670352,28.049017330641593,28.255767822265625,15767700,0.0,0.0
2020-08-14 00:00:00-04:00,27.86196107185475,28.738186589852617,27.714283204541932,28.501901626586914,13107800,0.0,0.0
2020-08-17 00:00:00-04:00,28.590506601959845,28.590506601959845,27.33031834685259,27.586294174194336,14569000,0.0,0.0
2020-08-18 00:00:00-04:00,27.566603435837045,27.842270146212716,26.94635568477408,27.202329635620117,14222500,0.0,0.0
2020-08-19 00:00:00-04:00,27.320472309702684,28.66926762474937,27.13341269422341,27.241710662841797,21082100,0.0,0.0
2020-08-20 00:00:00-04:00,27.094029478700342,27.359850708359797,26.60176877688308,27.192481994628906,14010200,0.0,0.0
2020-08-21 00:00:00-04:00,27.133414489903277,27.428772093547604,26.749451670774157,26.847904205322266,10897500,0.0,0.0
2020-08-24 00:00:00-04:00,27.231865796188192,29.338741302490234,27.11372426231983,29.338741302490234,34251000,0.0,0.0
2020-08-25 00:00:00-04:00,29.535645525661156,29.811312226584604,28.87601603380836,29.634098052978516,31001900,0.0,0.0
2020-08-26 00:00:00-04:00,29.545492353116046,29.752240980144613,29.16152954416251,29.486421585083008,18877300,0.0,0.0
2020-08-27 00:00:00-04:00,30.33310728780302,31.711437030349906,30.146049552379505,30.342952728271484,31795200,0.0,0.0
2020-08-28 00:00:00-04:00,30.766298708565774,31.494844436645508,30.254347047377035,31.494844436645508,20469700,0.0,0.0
2020-08-31 00:00:00-04:00,31.317627740929716,31.51453091015835,30.323260821174156,30.372488021850586,18262700,0.0,0.0
2020-09-01 00:00:00-04:00,29.555338738936182,31.120728225549,29.289517457550776,30.234657287597656,20041500,0.0,0.0
2020-09-02 00:00:00-04:00,29.929453350955598,30.81552232913613,29.673477534534424,30.65799903869629,16307700,0.0,0.0
2020-09-03 00:00:00-04:00,31.140414764994123,32.02648375497161,29.99836995518745,30.73676109313965,29474900,0.0,0.0
2020-09-04 00:00:00-04:00,31.297942530605578,31.868963105032595,30.136206743443335,31.27825164794922,25878700,0.0,0.0
2020-09-08 00:00:00-04:00,30.91397536652474,32.587660824592106,30.854904601089032,32.03633117675781,28129400,0.0,0.0
2020-09-09 00:00:00-04:00,31.672055806061813,31.93787706974495,30.83521400812169,31.268404006958008,19362700,0.0,0.0
2020-09-10 00:00:00-04:00,31.68190401432801,32.20369923788784,31.17979779476651,31.297941207885742,17711300,0.0,0.0
2020-09-11 00:00:00-04:00,31.317629511760074,31.632677980426315,30.854905066191414,31.209333419799805,14344100,0.0,0.0
2020-09-14 00:00:00-04:00,31.790201248514762,32.390759985429135,31.514532665027684,32.31199645996094,16333000,0.0,0.0
2020-09-15 00:00:00-04:00,32.68611467181624,33.94630099466072,32.58766026806183,32.99131393432617,22656400,0.0,0.0
2020-09-16 00:00:00-04:00,33.27682255169363,34.448405420705605,32.67626389709944,34.03490447998047,26009000,0.0,0.0
2020-09-17 00:00:00-04:00,33.44420400981242,34.52717639889103,33.119310039697446,33.434356689453125,26014800,0.0,0.0
2020-09-18 00:00:00-04:00,32.70580716869664,33.493423659393834,32.075713976138886,32.331687927246094,35079200,0.0,0.0
2020-09-21 00:00:00-04:00,30.67768982413027,30.71707158553073,28.964622637550875,29.358430862426758,34449900,0.0,0.0
2020-09-22 00:00:00-04:00,29.348585560169624,30.067287686503757,29.259978474427413,29.752239227294922,18035300,0.0,0.0
2020-09-23 00:00:00-04:00,29.96883511446237,30.549702952182386,29.033538934316383,29.102455139160156,17358100,0.0,0.0
2020-09-24 00:00:00-04:00,28.669266362899613,29.053229139718464,27.487839834159868,28.56096839904785,22257800,0.0,0.0
2020-09-25 00:00:00-04:00,28.373910100406835,29.32889718316028,28.33453021580635,29.31905174255371,21831500,0.0,0.0
2020-09-28 00:00:00-04:00,30.126358485077148,31.465306457467282,29.673477615458232,30.854904174804688,22098400,0.0,0.0
2020-09-29 00:00:00-04:00,30.61862295209218,30.628468393693847,29.831004524392686,30.136207580566406,14785600,0.0,0.0
2020-09-30 00:00:00-04:00,30.51032215150921,31.357011272713226,30.00821594320165,30.10666847229004,16664100,0.0,0.0
2020-10-01 00:00:00-04:00,30.510323850361903,30.874597664924416,30.106670148666794,30.618621826171875,12501900,0.0,0.0
2020-10-02 00:00:00-04:00,29.289513445275972,31.800042418026507,29.151681041731827,31.258556365966797,27126000,0.0,0.0
2020-10-05 00:00:00-04:00,31.84926928855475,31.928032811924822,31.032118389673542,31.504688262939453,14807100,0.0,0.0
2020-10-06 00:00:00-04:00,32.124937302475516,32.21354438689037,30.431559136170083,30.57923698425293,20317100,0.0,0.0
2020-10-07 00:00:00-04:00,31.721282840360246,31.85911524471355,31.15025858729502,31.652366638183594,15416600,0.0,0.0
2020-10-08 00:00:00-04:00,32.18400356528308,32.48920655464904,31.425923506155364,32.17416000366211,18123800,0.0,0.0
2020-10-09 00:00:00-04:00,32.20370012916987,32.75503356855073,31.79020286637307,32.302154541015625,16730600,0.0,0.0
2020-10-12 00:00:00-04:00,32.17416646418027,32.30215532485963,31.8000472013916,32.13478469848633,12065800,0.0,0.0
2020-10-13 00:00:00-04:00,31.406238629563706,31.888653987688954,30.992739482909787,31.27825164794922,22421200,0.0,0.0
2020-10-14 00:00:00-04:00,31.278249447593584,31.81973553776964,31.16010603779248,31.268404006958008,16497900,0.0,0.0
2020-10-15 00:00:00-04:00,30.89428405860917,30.973045704043884,30.214965570919418,30.854904174804688,11922300,0.0,0.0
2020-10-16 00:00:00-04:00,30.91397487787373,31.26840322053714,30.756451587317937,30.982891082763672,11143600,0.0,0.0
2020-10-19 00:00:00-04:00,31.209335260843677,31.77051226861035,30.82537056250918,31.01243019104004,14588700,0.0,0.0
2020-10-20 00:00:00-04:00,31.47515135541642,31.908341336754408,31.101034015505693,31.484996795654297,14244300,0.0,0.0
2020-10-21 00:00:00-04:00,31.396393011548625,31.44562021791249,30.884443210145818,31.01243019104004,11292300,0.0,0.0
2020-10-22 00:00:00-04:00,31.37669792639465,33.286669973186555,31.229018213747555,33.198062896728516,25713700,0.0,0.0
2020-10-23 00:00:00-04:00,33.00116211126527,33.51311375715544,32.39075981471037,33.473731994628906,15247300,0.0,0.0
2020-10-26 00:00:00-04:00,32.98147040389914,32.98147040389914,31.041963715866217,31.435771942138672,16558300,0.0,0.0
2020-10-27 00:00:00-04:00,31.25856064797436,31.563763694524674,30.214968282841117,30.234657287597656,13442000,0.0,0.0
2020-10-28 00:00:00-04:00,29.299358981796644,29.68332175169278,28.29514663825603,29.19106101989746,22720900,0.0,0.0
2020-10-29 00:00:00-04:00,29.004001213345155,30.431558076706143,28.88585969012222,30.28388023376465,16962300,0.0,0.0
2020-10-30 00:00:00-04:00,30.047595627625835,30.510320041161847,29.52579857402726,30.16573715209961,15229400,0.0,0.0
2020-11-02 00:00:00-05:00,30.14604933184953,30.15589289442022,29.210753150270964,29.752239227294922,14200900,0.0,0.0
2020-11-03 00:00:00-05:00,30.461096545117538,30.8745956612169,30.16573896057469,30.421714782714844,14257900,0.0,0.0
2020-11-04 00:00:00-05:00,30.431559975068502,30.825368206754003,29.643943511697493,29.9589900970459,12348500,0.0,0.0
2020-11-05 00:00:00-05:00,30.37248833833427,31.760661611011976,30.323261137144886,31.484996795654297,13145100,0.0,0.0
2020-11-06 00:00:00-05:00,31.17979660921411,31.347165342704066,30.549703437405235,30.933666229248047,11821100,0.0,0.0
2020-11-09 00:00:00-05:00,36.821108718906366,38.09113870711028,34.143208810432654,36.20085906982422,58086400,0.0,0.0
2020-11-10 00:00:00-05:00,35.54122597130373,36.5946637150819,35.13757229149763,36.466678619384766,28449400,0.0,0.0
2020-11-11 00:00:00-05:00,36.072871191828014,36.22055093559832,34.19243506683251,34.47794723510742,20970400,0.0,0.0
2020-11-12 00:00:00-05:00,33.562338658328855,34.99973917151722,33.49342245260417,33.84785079956055,21676300,0.0,0.0
2020-11-13 00:00:00-05:00,34.40903062420746,36.102405220054976,34.31057621095061,35.89565658569336,20832400,0.0,0.0
2020-11-16 00:00:00-05:00,37.83516788913786,38.05176385726219,36.6635884597379,37.41182327270508,25376600,0.0,0.0
2020-11-17 00:00:00-05:00,36.821104083735264,37.46104077895299,36.09255655129437,37.01800537109375,16952700,0.0,0.0
2020-11-18 00:00:00-05:00,37.50042968151742,38.69169997293757,37.30352460100244,37.32321548461914,21199200,0.0,0.0
2020-11-19 00:00:00-05:00,37.00816885805599,37.53981144875082,36.89987087599015,37.32321548461914,13981600,0.0,0.0
2020-11-20 00:00:00-05:00,37.401971643056164,37.500422286072215,36.39775931055698,36.55528259277344,12490500,0.0,0.0
2020-11-23 00:00:00-05:00,37.214912502124875,38.24865934136277,36.85064059329184,38.18959045410156,14802900,0.0,0.0
2020-11-24 00:00:00-05:00,39.43008680569836,40.65089516406441,38.79999362292296,40.62135696411133,23818000,0.0,0.0
2020-11-25 00:00:00-05:00,40.1684807407054,40.84780305190511,39.43008953681136,40.65089797973633,14588900,0.0,0.0
2020-11-27 00:00:00-05:00,41.14315785496122,41.53696423477048,40.148788952965376,40.42445755004883,10516600,0.0,0.0
2020-11-30 00:00:00-05:00,39.902656096403966,40.41460773867038,38.7409203996555,39.626991271972656,16732600,0.0,0.0
2020-12-01 00:00:00-05:00,40.158634944723666,40.424456214026755,39.302098491752055,39.34148025512695,13184200,0.0,0.0
2020-12-02 00:00:00-05:00,39.193803977348836,40.641048091659755,38.45541282012739,40.43429946899414,12937300,0.0,0.0
2020-12-03 00:00:00-05:00,41.05455377209082,43.082665978142046,40.916721341270105,42.28520584106445,24526800,0.0,0.0
2020-12-04 00:00:00-05:00,42.531332527125855,42.81684468346002,41.41882210269904,41.7043342590332,18453400,0.0,0.0
2020-12-07 00:00:00-05:00,41.74371379102681,42.16705834346406,41.093929740531514,41.69448471069336,13169100,0.0,0.0
2020-12-08 00:00:00-05:00,41.30068387067669,42.216289303457295,41.12346967364483,41.753562927246094,11530300,0.0,0.0
2020-12-09 00:00:00-05:00,42.38365125119165,42.806995810900425,40.69027676800817,41.45820236206055,16348300,0.0,0.0
2020-12-10 00:00:00-05:00,40.52290380648868,42.088293103730685,40.434296723412665,41.960304260253906,10680700,0.0,0.0
2020-12-11 00:00:00-05:00,41.359746792274855,41.773247777510704,40.50321413409906,41.093929290771484,12223100,0.0,0.0
2020-12-14 00:00:00-05:00,41.59603563971744,41.724024493268274,40.04048978231224,40.0601806640625,12445200,0.0,0.0
2020-12-15 00:00:00-05:00,40.56228798718015,41.28098825694653,39.53838468957396,41.20222473144531,11433200,0.0,0.0
2020-12-16 00:00:00-05:00,41.10377668477193,41.162849332640995,40.030647993554204,40.444149017333984,11010600,0.0,0.0
2020-12-17 00:00:00-05:00,40.660740150106946,40.77888168709948,39.98142161783519,40.47368240356445,9656700,0.0,0.0
2020-12-18 00:00:00-05:00,40.24724381505121,40.394919800762864,39.65652860524913,40.05033874511719,14312400,0.0,0.0
2020-12-21 00:00:00-05:00,38.94767526478889,39.7254444628463,38.5538651284255,39.51869583129883,16976800,0.0,0.0
2020-12-22 00:00:00-05:00,39.80420763052936,39.8632802771424,38.238818173975744,38.3372688293457,13461200,0.0,0.0
2020-12-23 00:00:00-05:00,38.69170040564994,39.843592698371026,38.57355885828052,39.61715316772461,12659700,0.0,0.0
2020-12-24 00:00:00-05:00,39.7943583271809,39.814049208403326,38.9870509753195,39.11503982543945,5176400,0.0,0.0
2020-12-28 00:00:00-05:00,39.64667927275289,40.14878356015354,39.39070159239076,39.52853775024414,10654400,0.0,0.0
2020-12-29 00:00:00-05:00,40.20786038611788,40.20786038611788,39.28241147807074,39.410396575927734,8142800,0.0,0.0
2020-12-30 00:00:00-05:00,39.38085659701365,40.27677093436966,39.27255864046768,39.93218994140625,8504600,0.0,0.0
2020-12-31 00:00:00-05:00,39.6762154220101,40.109407282604245,39.144572914363536,39.587608337402344,8705700,0.0,0.0
2021-01-04 00:00:00-05:00,39.54822957241906,39.7156001918696,37.736713493248196,38.13051986694336,15123400,0.0,0.0
2021-01-05 00:00:00-05:00,37.89423758404215,39.46947062297365,37.854855819155915,38.937828063964844,12317200,0.0,0.0
2021-01-06 00:00:00-05:00,39.02643438132356,40.266933661017475,38.92798372671688,39.754981994628906,12881100,0.0,0.0
2021-01-07 00:00:00-05:00,39.8238995737515,40.31616037501999,39.5876127366558,39.607303619384766,9136300,0.0,0.0
2021-01-08 00:00:00-05:00,39.784509774134854,40.06017456536835,39.15441667665767,39.40054702758789,9497500,0.0,0.0
2021-01-11 00:00:00-05:00,38.47510525302476,39.37101974301834,38.297891067694,38.79999542236328,11748800,0.0,0.0
2021-01-12 00:00:00-05:00,39.0756536461704,39.784510267447345,38.55385849753663,39.676212310791016,9725000,0.0,0.0
2021-01-13 00:00:00-05:00,39.39070264718167,40.10940663045426,39.01658718994415,39.82389450073242,10852500,0.0,0.0
2021-01-14 00:00:00-05:00,40.5721320359181,41.97999814807376,40.48352494649391,40.82810974121094,17658300,0.0,0.0
2021-01-15 00:00:00-05:00,41.02501181541307,41.02501181541307,39.34148084043171,39.36117172241211,15465500,0.0,0.0
2021-01-19 00:00:00-05:00,39.68606185913086,40.02079930959042,39.18395380561583,39.68606185913086,11530700,0.0,0.0
2021-01-20 00:00:00-05:00,40.06017899461164,41.12346403090456,39.87312125925708,40.97578430175781,11335700,0.0,0.0
2021-01-21 00:00:00-05:00,40.670586136616265,40.78872766973848,39.548228427174564,40.040489196777344,11134200,0.0,0.0
2021-01-22 00:00:00-05:00,39.380855560302734,39.646676786012904,39.193797848425675,39.380855560302734,11310100,0.0,0.0
2021-01-25 00:00:00-05:00,39.01658998864703,39.13473152279375,37.82531606158245,38.297889709472656,15964900,0.0,0.0
2021-01-26 00:00:00-05:00,38.65231117946823,39.02643038887391,38.37664637024896,38.71138381958008,10599400,0.0,0.0
2021-01-27 00:00:00-05:00,38.032068876938666,38.62278031009641,37.56934254238569,37.923770904541016,16953400,0.0,0.0
2021-01-28 00:00:00-05:00,38.93783003678729,39.745137479599165,38.386500323053525,39.45962905883789,21654000,0.0,0.0
2021-01-29 00:00:00-05:00,38.66216503115298,39.21349849841728,37.155848132423635,37.372440338134766,17989700,0.0,0.0
2021-02-01 00:00:00-05:00,37.75640295792929,37.8450100547373,36.84079754279716,37.2346076965332,10332900,0.0,0.0
2021-02-02 00:00:00-05:00,37.95330579509675,38.27819971610414,37.40197611918372,38.19943618774414,11854300,0.0,0.0
2021-02-03 00:00:00-05:00,38.268353977642384,39.28241379107151,38.10098710644307,39.164268493652344,12416000,0.0,0.0
2021-02-04 00:00:00-05:00,39.33163617139103,40.43429924172828,39.321788852851846,40.29646682739258,11431800,0.0,0.0
2021-02-05 00:00:00-05:00,40.739501019414746,40.75919190023687,40.1192514182979,40.5130615234375,10111900,0.0,0.0
2021-02-08 00:00:00-05:00,40.906869236951835,42.78730522817551,40.719811496381475,42.57071304321289,18296300,0.0,0.0
2021-02-09 00:00:00-05:00,42.29504811674257,42.29504811674257,41.162850501166936,41.852012634277344,10432100,0.0,0.0
2021-02-10 00:00:00-05:00,42.17690452617274,42.551023777168396,41.507429553086524,42.23597717285156,12011100,0.0,0.0
2021-02-11 00:00:00-05:00,42.03907071510501,42.472258842792876,41.34990488259805,42.05876159667969,8549200,0.0,0.0
2021-02-12 00:00:00-05:00,41.85200855017603,43.25987463726207,41.7535578995252,42.619937896728516,11490100,0.0,0.0
2021-02-16 00:00:00-05:00,43.30910117208253,44.11640847804252,43.10234880882829,43.958885192871094,13775500,0.0,0.0
2021-02-17 00:00:00-05:00,43.59461340462366,43.811209349282585,42.86606955456458,43.702911376953125,10934400,0.0,0.0
2021-02-18 00:00:00-05:00,43.12204889477232,43.8604401558323,42.69870427131242,43.69307327270508,8747800,0.0,0.0
2021-02-19 00:00:00-05:00,43.92934975991988,45.504586466435086,43.86043355304782,44.963096618652344,14587700,0.0,0.0
2021-02-22 00:00:00-05:00,46.026382498099245,48.17263977921141,45.750717665694566,47.001060485839844,21573500,0.0,0.0
2021-02-23 00:00:00-05:00,47.385025353508304,48.12341654873881,44.99263758050931,47.591773986816406,19193800,0.0,0.0
2021-02-24 00:00:00-05:00,48.17263635709483,49.42297908841752,47.86743334600537,48.8322639465332,17020900,0.0,0.0
2021-02-25 00:00:00-05:00,49.19654846752854,49.226082915469156,46.49895747127391,47.503170013427734,15729800,0.0,0.0
2021-02-26 00:00:00-05:00,46.961676840354116,48.37938646459803,46.54817585266745,47.197959899902344,14828000,0.0,0.0
2021-03-01 00:00:00-05:00,48.704283987547136,49.18669746079232,47.31610870361328,47.31610870361328,13812900,0.0,0.0
2021-03-02 00:00:00-05:00,47.35548207172245,47.9265063374894,46.646629154187714,47.48347091674805,11566800,0.0,0.0
2021-03-03 00:00:00-05:00,47.867437177539536,48.33016351237332,47.39486727959621,47.60161590576172,13642700,0.0,0.0
2021-03-04 00:00:00-05:00,47.572081326922444,47.660688417265725,44.618516656348696,46.233131408691406,18062500,0.0,0.0
2021-03-05 00:00:00-05:00,46.18390149018461,46.272508571718205,42.344266297930446,45.49473571777344,20611800,0.0,0.0
2021-03-08 00:00:00-05:00,46.20359689861546,47.47363060652696,45.977157391535776,47.138893127441406,17273000,0.0,0.0
2021-03-09 00:00:00-05:00,47.21764913452762,47.33579441583402,45.622725393405005,46.882911682128906,11710100,0.0,0.0
2021-03-10 00:00:00-05:00,46.912451285720664,47.828056587193096,46.43003409506201,47.06012725830078,10719300,0.0,0.0
2021-03-11 00:00:00-05:00,47.46378073864454,48.202171865589165,46.843534896080115,47.572078704833984,11318600,0.0,0.0
2021-03-12 00:00:00-05:00,47.601620467454936,49.088250268123105,47.33580292585536,49.0587158203125,15891800,0.0,0.0
2021-03-15 00:00:00-04:00,50.07276341344998,51.47078212182292,49.96446544901095,50.20075225830078,19673700,0.0,0.0
2021-03-16 00:00:00-04:00,50.24997691796274,50.348427563070146,48.27108665270199,48.62551498413086,14281500,0.0,0.0
2021-03-17 00:00:00-04:00,48.27108472394735,49.85616483414109,48.251393844582374,49.65925979614258,13694400,0.0,0.0
2021-03-18 00:00:00-04:00,49.304844612830834,50.190911818886676,48.172643245721105,48.41877365112305,13410100,0.0,0.0
2021-03-19 00:00:00-04:00,48.280939840042265,48.44830670820167,47.08966961342542,48.24155807495117,12123600,0.0,0.0
2021-03-22 00:00:00-04:00,47.77883059111979,47.86743768264739,47.01090496831503,47.227500915527344,10911100,0.0,0.0
2021-03-23 00:00:00-04:00,46.29219617173114,47.08965984903249,44.74649789111021,44.933555603027344,13616800,0.0,0.0
2021-03-24 00:00:00-04:00,45.81963521566606,46.666324375021276,44.85480451834206,44.904029846191406,12120800,0.0,0.0
2021-03-25 00:00:00-04:00,44.096720982171824,46.48910864132861,43.83089971385978,46.28235626220703,14469100,0.0,0.0
2021-03-26 00:00:00-04:00,46.76477132666703,47.197959435342675,45.83932246718436,46.92229461669922,12361400,0.0,0.0
2021-03-29 00:00:00-04:00,46.92229621854005,47.35548434200393,45.98700000894711,46.58755874633789,9824200,0.0,0.0
2021-03-30 00:00:00-04:00,46.96168168143594,48.280940792806874,46.68601307601014,48.14310836791992,10787500,0.0,0.0
2021-03-31 00:00:00-04:00,48.044647389655125,48.26124331668842,47.365328921666226,47.53269577026367,9469200,0.0,0.0
2021-04-01 00:00:00-04:00,47.83790141214631,48.44830371068509,47.53269838505112,48.074188232421875,9570000,0.0,0.0
2021-04-05 00:00:00-04:00,48.81257473972431,50.19090250069049,48.704276780549215,49.47220230102539,14599900,0.0,0.0
2021-04-06 00:00:00-04:00,49.91524018190805,51.00805963425534,49.757716894088254,50.85053634643555,14652500,0.0,0.0
2021-04-07 00:00:00-04:00,50.998214198546464,51.01790507970715,49.255610650166965,49.42298126220703,12244300,0.0,0.0
2021-04-08 00:00:00-04:00,48.97994789235493,49.43282691120923,48.37938913638862,49.03902053833008,13546900,0.0,0.0
2021-04-09 00:00:00-04:00,49.03902016731059,49.03902016731059,48.07418949092655,48.50737762451172,9785400,0.0,0.0
2021-04-12 00:00:00-04:00,48.300625493395536,48.379385259399086,47.42439821541533,48.06433868408203,11070300,0.0,0.0
2021-04-13 00:00:00-04:00,46.7155480697008,47.74929494100459,45.84916805836403,47.51300811767578,18287600,0.0,0.0
2021-04-14 00:00:00-04:00,48.31046732348161,48.733811848068456,47.17826615202355,47.42439651489258,12520400,0.0,0.0
2021-04-15 00:00:00-04:00,48.10372761556068,48.29078537389814,45.435674890029745,46.09530258178711,22267900,0.0,0.0
2021-04-16 00:00:00-04:00,46.272507695644734,46.69585221543997,45.622723695251096,45.9180793762207,12236400,0.0,0.0
2021-04-19 00:00:00-04:00,45.71133376482698,45.75071552637233,44.9237173121774,45.4356689453125,9579400,0.0,0.0
2021-04-20 00:00:00-04:00,44.79572880068924,44.815419681609484,43.082659717143244,43.76198196411133,15627800,0.0,0.0
2021-04-21 00:00:00-04:00,43.3189501719577,45.032019399426474,42.66916606960441,44.992637634277344,16267100,0.0,0.0
2021-04-22 00:00:00-04:00,45.34706031708537,45.61288156499679,43.939194312768244,43.958885192871094,17303200,0.0,0.0
2021-04-23 00:00:00-04:00,44.116409353903556,45.22891593441635,43.76198101631839,45.09108352661133,9162700,0.0,0.0
2021-04-26 00:00:00-04:00,45.78025183385369,46.37096325848147,45.406132595241885,45.8885498046875,11260000,0.0,0.0
2021-04-27 00:00:00-04:00,45.93777301984087,46.0165365425194,45.37659606553649,45.62272644042969,8151600,0.0,0.0
2021-04-28 00:00:00-04:00,45.53412221751545,46.02638299824535,45.376598917907955,45.7211799621582,7209200,0.0,0.0
2021-04-29 00:00:00-04:00,46.18390458137199,46.28235523159825,45.347062787494096,45.662109375,8222300,0.0,0.0
2021-04-30 00:00:00-04:00,45.31752491163272,46.351275524650916,45.18953981655463,46.193748474121094,9175200,0.0,0.0
2021-05-03 00:00:00-04:00,46.459569160723994,46.49895092286677,45.36675342864862,45.84916687011719,9382600,0.0,0.0
2021-05-04 00:00:00-04:00,45.534124243819114,45.69164755043652,43.39771416309229,43.96873474121094,14790400,0.0,0.0
2021-05-05 00:00:00-04:00,44.00811307607095,45.1009325736348,43.8702806629821,44.50037384033203,10700100,0.0,0.0
2021-05-06 00:00:00-04:00,44.46099380042654,44.80557484649907,43.476472233760184,44.234554290771484,9665700,0.0,0.0
2021-05-07 00:00:00-04:00,44.17548143605347,45.63257289715822,44.0770307821126,45.39628982543945,11195100,0.0,0.0
2021-05-10 00:00:00-04:00,45.58335085378822,46.04607722307659,44.70712720137985,44.7268180847168,9054200,0.0,0.0
2021-05-11 00:00:00-04:00,43.5650770252662,44.35269348589212,42.93498385676546,43.83089828491211,14139100,0.0,0.0
2021-05-12 00:00:00-04:00,43.45677976614357,44.04749493798103,42.27535317812024,42.36396026611328,12187300,0.0,0.0
2021-05-13 00:00:00-04:00,42.72823647303055,43.614303608434334,42.27535370890686,43.28941345214844,11778100,0.0,0.0
2021-05-14 00:00:00-04:00,44.2443958644474,45.721178148041595,44.11641077060503,45.59319305419922,11537500,0.0,0.0
2021-05-17 00:00:00-04:00,45.28799503754804,46.105149794199356,44.5594473779354,46.02638626098633,11077700,0.0,0.0
2021-05-18 00:00:00-04:00,46.22328691897913,47.06012872327165,45.67195350615657,46.006690979003906,10684000,0.0,0.0
2021-05-19 00:00:00-04:00,45.199379912680904,45.57349911769182,44.431454378504405,45.425819396972656,11545800,0.0,0.0
2021-05-20 00:00:00-04:00,45.63257169460605,45.65226257600565,44.21486203469914,44.707122802734375,12341700,0.0,0.0
2021-05-21 00:00:00-04:00,44.99262908688097,45.28798475808609,44.41176130606208,44.51021194458008,9894400,0.0,0.0
2021-05-24 00:00:00-04:00,44.8646489555951,45.563658389366886,44.313315508248024,45.455360412597656,8409100,0.0,0.0
2021-05-25 00:00:00-04:00,46.676168014419765,47.41455920031904,45.79009708907993,45.9476203918457,14657000,0.0,0.0
2021-05-26 00:00:00-04:00,46.32173671689881,46.83368835744682,46.085453655508374,46.75492858886719,9746200,0.0,0.0
2021-05-27 00:00:00-04:00,47.257033829498035,47.453938888251265,46.518642675912126,47.30625915527344,8680700,0.0,0.0
2021-05-28 00:00:00-04:00,47.30626183685049,47.31610915595474,46.51864531284278,46.94198989868164,8370300,0.0,0.0
2021-06-01 00:00:00-04:00,47.385022107991254,47.78867578351063,46.69585628851508,46.96167755126953,11986200,0.0,0.0
2021-06-02 00:00:00-04:00,47.25703337297094,47.53269819917143,46.68600908366811,47.03059387207031,9108600,0.0,0.0
2021-06-03 00:00:00-04:00,46.62694629534502,46.64663717917126,45.35691245594316,45.415985107421875,11555600,0.0,0.0
2021-06-04 00:00:00-04:00,45.81963636795292,46.006694120745344,44.97294718730489,45.26830291748047,7699400,0.0,0.0
2021-06-07 00:00:00-04:00,45.27814934633351,45.662112163576644,45.179694934443084,45.366756439208984,6120200,0.0,0.0
2021-06-08 00:00:00-04:00,46.52848564491226,46.64663093204715,45.66210940649914,46.311893463134766,10714100,0.0,0.0
2021-06-09 00:00:00-04:00,46.61709293339009,46.666322014400954,45.7605602540535,45.79994201660156,6741200,0.0,0.0
2021-06-10 00:00:00-04:00,46.46942151719548,46.705704604366304,45.278151250608325,45.56365966796875,9780800,0.0,0.0
2021-06-11 00:00:00-04:00,45.356905996472754,45.90823939813348,45.2879897907216,45.780250549316406,8216100,0.0,0.0
2021-06-14 00:00:00-04:00,45.61288158157657,46.06576055715263,45.01232288300115,45.189537048339844,11184200,0.0,0.0
2021-06-15 00:00:00-04:00,45.199387055883875,45.56365900073481,44.60867559095522,44.82526779174805,7898500,0.0,0.0
2021-06-16 00:00:00-04:00,44.864647385190665,45.278148395140086,44.43145924892853,44.81542205810547,8565500,0.0,0.0
2021-06-17 00:00:00-04:00,44.82526677789453,45.3372184552243,43.56508034486849,43.880126953125,10144600,0.0,0.0
2021-06-18 00:00:00-04:00,43.75213979448208,44.6775925283812,43.26972629994706,44.26409149169922,15219300,0.0,0.0
2021-06-21 00:00:00-04:00,44.342849885935976,45.07139370303286,44.1262539510767,45.06155014038086,9861400,0.0,0.0
2021-06-22 00:00:00-04:00,45.06154997452206,45.081240855405106,44.17547911304232,44.66773986816406,8499800,0.0,0.0
2021-06-23 00:00:00-04:00,44.65790107143419,44.904031475262066,44.31331625268402,44.56929397583008,7406100,0.0,0.0
2021-06-24 00:00:00-04:00,44.86464302790057,44.933559230256996,43.89981243925932,44.21485900878906,9300300,0.0,0.0
2021-06-25 00:00:00-04:00,44.22470007135728,44.28377270817451,43.57491608897233,43.742286682128906,23930400,0.0,0.0
2021-06-28 00:00:00-04:00,43.41739481816662,43.41739481816662,41.920925506199886,42.45256423950195,17441500,0.0,0.0
2021-06-29 00:00:00-04:00,42.33442883160189,42.80699874927643,42.14737107949692,42.20643997192383,9477800,0.0,0.0
2021-06-30 00:00:00-04:00,42.16706366033304,42.91529845453753,42.147372776847135,42.59040451049805,7845500,0.0,0.0
2021-07-01 00:00:00-04:00,42.826690746206715,43.73244883973539,42.826690746206715,43.54539108276367,9873800,0.0,0.0
2021-07-02 00:00:00-04:00,43.40755638179953,43.61430501114464,43.04328445071742,43.46662902832031,5759900,0.0,0.0
2021-07-06 00:00:00-04:00,43.62415079058863,43.85059029411642,42.33442622111993,42.57071304321289,7881000,0.0,0.0
2021-07-07 00:00:00-04:00,42.285199690188946,42.79715132709089,41.30067817822018,41.88154602050781,11858300,0.0,0.0
2021-07-08 00:00:00-04:00,41.07423840289607,42.13751967568056,40.48352324632558,41.418819427490234,10363900,0.0,0.0
2021-07-09 00:00:00-04:00,41.81262556521073,42.53132574521975,41.645254972249106,42.25565719604492,7707100,0.0,0.0
2021-07-12 00:00:00-04:00,41.714174821547076,42.7085436377603,41.37943736197799,42.186744689941406,10626000,0.0,0.0
2021-07-13 00:00:00-04:00,41.64526044070916,41.89139082600372,40.55244092909705,40.690277099609375,14610400,0.0,0.0
2021-07-14 00:00:00-04:00,40.88718059777202,41.54681201870324,39.49900530043227,40.05033874511719,31085700,0.0,0.0
2021-07-15 00:00:00-04:00,40.55244145379665,41.61572653473956,40.050337113785844,40.709964752197266,20896300,0.0,0.0
2021-07-16 00:00:00-04:00,41.18253733267427,41.399129515063365,39.22333783881479,39.43993377685547,16726600,0.0,0.0
2021-07-19 00:00:00-04:00,37.677641676830305,38.39634198641054,36.978632249716185,37.96315383911133,27073800,0.0,0.0
2021-07-20 00:00:00-04:00,38.03206967297661,40.18817058034795,37.83516460591876,40.03064727783203,17690600,0.0,0.0
2021-07-21 00:00:00-04:00,40.375223438484916,41.54680637997682,40.365379876367506,40.965938568115234,19145300,0.0,0.0
2021-07-22 00:00:00-04:00,40.700122391480484,40.91671834154924,39.78451701883757,40.42445755004883,10850600,0.0,0.0
2021-07-23 00:00:00-04:00,40.68042593367704,40.98562893461228,39.69590448561003,39.78451156616211,10101600,0.0,0.0
2021-07-26 00:00:00-04:00,39.715604897405115,41.054554989042316,39.68607044868294,41.02501678466797,10014900,0.0,0.0
2021-07-27 00:00:00-04:00,40.71981032052213,40.847799168612056,39.87312121964517,40.32600021362305,10508200,0.0,0.0
2021-07-28 00:00:00-04:00,40.729652286642626,41.005320852927014,40.00110849978355,40.660736083984375,7538600,0.0,0.0
2021-07-29 00:00:00-04:00,40.798572204683495,40.98563370520639,40.31615874214401,40.59182357788086,8357400,0.0,0.0
2021-07-30 00:00:00-04:00,40.02080079890312,40.424454466921176,39.13472993952128,39.28240966796875,12202300,0.0,0.0
2021-08-02 00:00:00-04:00,39.42024238667665,40.33584769665295,38.790149217585764,38.83937454223633,11084800,0.0,0.0
2021-08-03 00:00:00-04:00,38.888605277825924,39.233186353976215,37.95330895672248,39.15442657470703,14670600,0.0,0.0
2021-08-04 00:00:00-04:00,38.54402132993387,38.868911498147746,37.31336935587023,37.75640106201172,23023700,0.0,0.0
2021-08-05 00:00:00-04:00,37.89423516784884,39.53838431267193,37.87454428666124,39.37101745605469,15652400,0.0,0.0
2021-08-06 00:00:00-04:00,39.91250353011045,40.050335942724345,38.868909361438504,39.69590759277344,11716100,0.0,0.0
2021-08-09 00:00:00-04:00,39.40055067389961,39.40055067389961,38.15020792478337,38.68185043334961,10985000,0.0,0.0
2021-08-10 00:00:00-04:00,38.74091702425184,40.39491333803407,38.603084624045195,39.833736419677734,13745300,0.0,0.0
2021-08-11 00:00:00-04:00,39.38085892020789,40.660736083984375,39.06581234929834,40.660736083984375,12452000,0.0,0.0
2021-08-12 00:00:00-04:00,40.36538673671228,40.49337559989904,39.430090439243436,39.90266036987305,9802100,0.0,0.0
2021-08-13 00:00:00-04:00,39.68606333598681,39.9420372755574,39.174111701194136,39.28240966796875,7211800,0.0,0.0
2021-08-16 00:00:00-04:00,38.839376962628705,39.40055396104992,38.27819996420749,39.311946868896484,10923400,0.0,0.0
2021-08-17 00:00:00-04:00,38.64247105335225,38.84921967865073,37.68748394270928,38.179744720458984,11442000,0.0,0.0
2021-08-18 00:00:00-04:00,38.091143455841646,38.85907294042035,37.80563501537685,38.05176544189453,8612300,0.0,0.0
2021-08-19 00:00:00-04:00,37.835160053093176,37.93361069694933,36.732497068168705,37.342899322509766,12294000,0.0,0.0
2021-08-20 00:00:00-04:00,37.40196793084183,37.65794183066846,37.16568115314339,37.52995300292969,8213100,0.0,0.0
2021-08-23 00:00:00-04:00,38.18959113806609,38.72123366684767,38.032067843129134,38.60308837890625,8584700,0.0,0.0
2021-08-24 00:00:00-04:00,39.24303268201045,40.23739787352552,39.20365091554499,39.90266036987305,10805000,0.0,0.0
2021-08-25 00:00:00-04:00,39.961726739507014,40.798568489300884,39.53838220566267,40.660736083984375,12455900,0.0,0.0
2021-08-26 00:00:00-04:00,40.47368403118634,40.83795597569245,39.65652929130159,40.138946533203125,10032900,0.0,0.0
2021-08-27 00:00:00-04:00,40.21770696630274,41.1037779329872,40.18817251929725,40.87733840942383,7936100,0.0,0.0
2021-08-30 00:00:00-04:00,41.10377123592082,41.15299655812698,39.26271714472063,39.29225158691406,11882100,0.0,0.0
2021-08-31 00:00:00-04:00,39.11504313959724,39.96173232564216,39.00674516152378,39.81405258178711,8627200,0.0,0.0
2021-09-01 00:00:00-04:00,39.94204032833836,39.95188764733496,39.26272178799278,39.77467346191406,8434600,0.0,0.0
2021-09-02 00:00:00-04:00,39.823899446526326,40.42445822305958,39.243031552659126,40.18817138671875,9345500,0.0,0.0
2021-09-03 00:00:00-04:00,40.16847735809912,40.55244015088603,39.528540622004776,39.626991271972656,6644300,0.0,0.0
2021-09-07 00:00:00-04:00,39.55807792552648,39.8928154175277,39.223340433525266,39.72544479370117,8233900,0.0,0.0
2021-09-08 00:00:00-04:00,39.77467276003319,40.28662066926863,38.987052502882655,39.03628158569336,7156100,0.0,0.0
2021-09-09 00:00:00-04:00,39.006743045361524,41.12346589563911,38.83937618334742,40.4539909362793,15509400,0.0,0.0
2021-09-10 00:00:00-04:00,40.41460673339092,40.49337025592729,38.740919436007616,38.75076675415039,12501200,0.0,0.0
2021-09-13 00:00:00-04:00,39.08550130339738,39.55807113647461,38.199430519095586,39.55807113647461,11556300,0.0,0.0
2021-09-14 00:00:00-04:00,39.22333507978715,39.55807252609881,38.612932826742814,38.829524993896484,8837700,0.0,0.0
2021-09-15 00:00:00-04:00,38.6424730267025,39.085508500432006,38.21912843576673,39.02643585205078,8175800,0.0,0.0
2021-09-16 00:00:00-04:00,39.25287309034779,40.04048957808238,39.06581534815197,39.59745788574219,9485200,0.0,0.0
2021-09-17 00:00:00-04:00,39.92234674562563,40.3555386165317,39.17411204552206,39.489158630371094,11011500,0.0,0.0
2021-09-20 00:00:00-04:00,39.922348941561076,40.20786109842626,38.80983851506511,40.14878845214844,16633900,0.0,0.0
2021-09-21 00:00:00-04:00,40.414612927602526,41.093935268816075,39.51869837752052,39.735294342041016,11837600,0.0,0.0
2021-09-22 00:00:00-04:00,40.05033273494529,41.30067542239351,40.05033273494529,40.94624710083008,11599300,0.0,0.0
2021-09-23 00:00:00-04:00,41.251452390429414,42.10798504463953,41.074238219813324,41.93077087402344,12651000,0.0,0.0
2021-09-24 00:00:00-04:00,42.17690550787346,43.062976450420905,42.00953488288033,42.856224060058594,13478500,0.0,0.0
2021-09-27 00:00:00-04:00,43.22049360693485,44.36253835059085,43.07281388563785,43.10234832763672,14467500,0.0,0.0
2021-09-28 00:00:00-04:00,42.984208388320695,43.525694460282494,42.6396273667954,42.76761245727539,9434700,0.0,0.0
2021-09-29 00:00:00-04:00,43.013748213797165,43.309107704236524,42.088299243289356,42.68885803222656,9141100,0.0,0.0
2021-09-30 00:00:00-04:00,42.39350162902771,42.413192511789994,41.71417931851025,41.95046615600586,9789200,0.0,0.0
2021-10-01 00:00:00-04:00,43.26972328613027,44.94341068821624,43.21065064053252,44.677589416503906,19205700,0.0,0.0
2021-10-04 00:00:00-04:00,45.08124624561848,45.28799488613349,44.11641550089648,44.26409149169922,13342500,0.0,0.0
2021-10-05 00:00:00-04:00,44.293623352707534,44.85480029984657,43.771824410753496,44.04749298095703,9596000,0.0,0.0
2021-10-06 00:00:00-04:00,43.033435278594375,43.456779837966174,42.55102183089732,43.33863830566406,10145800,0.0,0.0
2021-10-07 00:00:00-04:00,43.8309007035067,43.889973349682606,42.846379134485396,43.003902435302734,8881200,0.0,0.0
2021-10-08 00:00:00-04:00,43.1121993681436,43.12204293110944,42.42303353533364,42.70854568481445,7340600,0.0,0.0
2021-10-11 00:00:00-04:00,42.324579272569395,43.25987165625673,42.0587580273478,42.521480560302734,9085700,0.0,0.0
2021-10-12 00:00:00-04:00,42.37380901174958,43.13189106663324,42.10798773881751,42.86606979370117,10515200,0.0,0.0
2021-10-13 00:00:00-04:00,42.07845117835967,42.07845117835967,40.257084123310705,40.39491653442383,28236900,0.0,0.0
2021-10-14 00:00:00-04:00,40.5425954963595,40.84779851208347,40.24723979875807,40.562286376953125,16285400,0.0,0.0
2021-10-15 00:00:00-04:00,41.24160060122331,41.61571978259335,40.31615184273013,40.355533599853516,13860300,0.0,0.0
2021-10-18 00:00:00-04:00,40.04049138994515,40.76903902134927,39.89281540436653,40.37522888183594,10140200,0.0,0.0
2021-10-19 00:00:00-04:00,40.394915004524705,40.434296764965936,39.71559653734473,39.82389450073242,11314400,0.0,0.0
2021-10-20 00:00:00-04:00,39.528536351792425,40.43429425173415,39.29224955948306,39.676212310791016,15162600,0.0,0.0
2021-10-21 00:00:00-04:00,39.87312411796932,40.11925451375925,39.40055420873086,39.77467346191406,10694400,0.0,0.0
2021-10-22 00:00:00-04:00,39.39070305568856,39.76482227245733,39.036278474996045,39.12488555908203,9461900,0.0,0.0
2021-10-25 00:00:00-04:00,39.18396112545355,39.292259108428844,38.76061651326945,38.8984489440918,9090500,0.0,0.0
2021-10-26 00:00:00-04:00,39.29224957786509,39.666368767675294,38.84921418935974,39.09534454345703,8951200,0.0,0.0
2021-10-27 00:00:00-04:00,39.22333776333667,39.31194485094175,38.41603041211333,38.46525573730469,8341800,0.0,0.0
2021-10-28 00:00:00-04:00,38.534174287417166,38.76061380159112,38.22897499927704,38.54402160644531,7416000,0.0,0.0
2021-10-29 00:00:00-04:00,38.455410121743476,38.88859821821569,38.20927975327376,38.52432632446289,9343800,0.0,0.0
2021-11-01 00:00:00-04:00,38.54402199233894,39.823899316230325,38.30773515677119,39.79436111450195,11401300,0.0,0.0
2021-11-02 00:00:00-04:00,39.617147937770525,39.87312188255455,39.21349426153122,39.76482391357422,7611200,0.0,0.0
2021-11-03 00:00:00-04:00,39.666373112379425,40.709963524440866,39.41039541291607,40.60166931152344,10010600,0.0,0.0
2021-11-04 00:00:00-04:00,40.81825610127457,40.84779429694265,39.95187997846647,40.355533599853516,9990300,0.0,0.0
2021-11-05 00:00:00-04:00,42.866070485085025,43.73244677122432,42.590401888902726,43.604461669921875,23651200,0.0,0.0
2021-11-08 00:00:00-05:00,44.30346620554255,44.815417821262535,43.811205469925405,43.958885192871094,15006700,0.0,0.0
2021-11-09 00:00:00-05:00,43.74229336447052,43.88012578244904,43.04328395577847,43.84074401855469,9359100,0.0,0.0
2021-11-10 00:00:00-05:00,43.12204291079061,43.78167429874059,42.85622164301838,43.0334358215332,8698700,0.0,0.0
2021-11-11 00:00:00-05:00,43.102356007139406,43.55523881383593,42.7774658203125,42.7774658203125,6370700,0.0,0.0
2021-11-12 00:00:00-05:00,42.826695877741756,42.85623032826246,41.221924382924165,41.56650924682617,10038900,0.0,0.0
2021-11-15 00:00:00-05:00,41.97999584723285,42.27535154390841,41.48773510088978,41.724021911621094,6938400,0.0,0.0
2021-11-16 00:00:00-05:00,41.44834871556958,41.53695579025179,40.26692606067482,40.40475845336914,11055500,0.0,0.0
2021-11-17 00:00:00-05:00,40.34569340538204,40.61151467941643,39.67621843869952,40.079872131347656,9025300,0.0,0.0
2021-11-18 00:00:00-05:00,40.11925400512322,40.13894488721498,38.82952939550058,39.49900436401367,11615800,0.0,0.0
2021-11-19 00:00:00-05:00,39.15442805816907,39.31195137832765,38.288047919470735,39.07566452026367,15033400,0.0,0.0
2021-11-22 00:00:00-05:00,39.26272455739771,39.56792386608738,38.61294041690569,39.15442657470703,11991400,0.0,0.0
2021-11-23 00:00:00-05:00,39.71559653034554,39.9518833372999,38.642467970245164,38.91813278198242,11074300,0.0,0.0
2021-11-24 00:00:00-05:00,38.573560110899486,39.44978381400989,38.31758236835916,39.07566452026367,7580500,0.0,0.0
2021-11-26 00:00:00-05:00,36.18116644798742,36.378071506317674,34.064443643327515,35.81689453125,38052100,0.0,0.0
2021-11-29 00:00:00-05:00,36.44698358422233,36.77187370135582,35.41323683966857,35.67905807495117,21269600,0.0,0.0
2021-11-30 00:00:00-05:00,35.17695641468604,35.72828986424671,34.67485204978311,35.63968276977539,20442900,0.0,0.0
2021-12-01 00:00:00-05:00,36.29930323771669,36.76202950098343,32.883016508026294,33.01100158691406,34616800,0.0,0.0
2021-12-02 00:00:00-05:00,33.87738578053718,36.102402791332224,33.23744528219993,36.07286834716797,36044800,0.0,0.0
2021-12-03 00:00:00-05:00,35.91534502487133,37.09677161401314,34.80283464249472,35.4230842590332,25510200,0.0,0.0
2021-12-06 00:00:00-05:00,36.67342477704925,38.721231238453505,36.437137971636695,37.54964828491211,23060500,0.0,0.0
2021-12-07 00:00:00-05:00,38.00253208241742,38.5243310818534,37.18538111112625,37.451202392578125,14593500,0.0,0.0
2021-12-08 00:00:00-05:00,37.90407523077299,39.272559423914885,37.4413489547188,38.278194427490234,16355500,0.0,0.0
2021-12-09 00:00:00-05:00,37.628418393747566,38.24866432471007,37.411822430499186,37.904083251953125,10427800,0.0,0.0
2021-12-10 00:00:00-05:00,37.8253142766258,37.86469603803352,37.00816338349869,37.58903121948242,12028500,0.0,0.0
2021-12-13 00:00:00-05:00,36.78172599256257,37.037699945049894,35.85627332480848,36.29930877685547,12244800,0.0,0.0
2021-12-14 00:00:00-05:00,35.98426378920538,36.94909450814492,35.85627492940826,35.96457290649414,12638700,0.0,0.0
2021-12-15 00:00:00-05:00,35.96456762695763,36.23038887105946,34.98989348756889,36.043331146240234,13179900,0.0,0.0
2021-12-16 00:00:00-05:00,37.00815905048503,37.10660968682599,35.1080324750263,35.24586486816406,19944400,0.0,0.0
2021-12-17 00:00:00-05:00,35.482154677682146,36.663581192730035,35.03911926508277,35.99410629272461,18115500,0.0,0.0
2021-12-20 00:00:00-05:00,34.999741402807004,36.67342883921706,34.84221810030086,35.80704879760742,17475600,0.0,0.0
2021-12-21 00:00:00-05:00,36.25993082181373,38.21912662111989,36.19101085748202,37.923770904541016,17209900,0.0,0.0
2021-12-22 00:00:00-05:00,37.894233182084626,38.85906377580776,37.57918285524412,38.52432632446289,11719500,0.0,0.0
2021-12-23 00:00:00-05:00,39.10520102642964,39.27256790373141,38.38650067469163,38.69169998168945,8478100,0.0,0.0
2021-12-27 00:00:00-05:00,37.667791836627146,38.57355359118605,37.273985480618045,38.396339416503906,10897600,0.0,0.0
2021-12-28 00:00:00-05:00,38.17974081377437,39.213491345793145,37.923766888023415,39.01658630371094,9974200,0.0,0.0
2021-12-29 00:00:00-05:00,38.72123030960639,38.87875359088563,38.3864928674316,38.55385971069336,7311800,0.0,0.0
2021-12-30 00:00:00-05:00,38.45541704947453,39.12489207276999,38.416035282068435,38.435726165771484,8055600,0.0,0.0
2021-12-31 00:00:00-05:00,38.4455670842965,38.849220783302826,38.31757822685983,38.47510528564453,7166700,0.0,0.0
2022-01-03 00:00:00-05:00,39.1741134308519,40.39491805140082,39.02643369588391,39.66637420654297,12529800,0.0,0.0
2022-01-04 00:00:00-05:00,40.33585020783981,40.641049493065,39.70575699952125,39.96173095703125,12076300,0.0,0.0
2022-01-05 00:00:00-05:00,40.34569045655308,40.64104615423122,39.52853956778852,39.656524658203125,11214700,0.0,0.0
2022-01-06 00:00:00-05:00,40.18816800577667,40.47368014693721,39.124886720824065,39.489158630371094,9304100,0.0,0.0
2022-01-07 00:00:00-05:00,40.08971593026237,41.32036778219182,39.81404736158722,40.86748504638672,13941600,0.0,0.0
2022-01-10 00:00:00-05:00,40.94625763655754,41.15300629211684,39.56792575485775,40.00111770629883,13086400,0.0,0.0
2022-01-11 00:00:00-05:00,39.95188681554151,40.88717929554915,39.81405064202138,40.59182357788086,11415300,0.0,0.0
2022-01-12 00:00:00-05:00,40.611511767039886,40.946249226376096,39.932193285880295,39.98141860961914,12522300,0.0,0.0
2022-01-13 00:00:00-05:00,40.44414693892333,41.88154749566984,39.823897312953996,40.82810974121094,23251900,0.0,0.0
2022-01-14 00:00:00-05:00,40.15863171466471,40.22754791720185,38.93782343779708,39.68606185913086,17141100,0.0,0.0
2022-01-18 00:00:00-05:00,39.28241068323531,39.81404945695329,38.82952792359553,38.927982330322266,15088100,0.0,0.0
2022-01-19 00:00:00-05:00,38.888598752214676,39.18395444730375,38.13051675624017,38.21912384033203,10958600,0.0,0.0
2022-01-20 00:00:00-05:00,38.44556775710988,39.5383873348169,38.16005559154371,38.23881912231445,12935700,0.0,0.0
2022-01-21 00:00:00-05:00,38.228970017801096,38.228970017801096,36.78172227269677,37.273983001708984,17872100,0.0,0.0
2022-01-24 00:00:00-05:00,36.37807560492969,37.34290636823584,35.32463774317441,37.32321548461914,19890100,0.0,0.0
2022-01-25 00:00:00-05:00,36.9195529927639,38.26834627718388,36.72264795900559,38.120670318603516,14674100,0.0,0.0
2022-01-26 00:00:00-05:00,38.70155084256705,39.34148771837547,37.74656355564468,38.16006088256836,12451700,0.0,0.0
2022-01-27 00:00:00-05:00,38.63263010525301,39.41039933244799,37.44135608816836,37.746559143066406,12297400,0.0,0.0
2022-01-28 00:00:00-05:00,37.52011407818624,37.7957788898556,36.20085514917357,37.68748092651367,12889100,0.0,0.0
2022-01-31 00:00:00-05:00,37.2346100117254,39.10520272480429,37.07708669156681,39.07566452026367,10657300,0.0,0.0
2022-02-01 00:00:00-05:00,39.18395894215253,39.94204102508773,38.95751942475399,39.86328125,9668800,0.0,0.0
2022-02-02 00:00:00-05:00,39.50884804522535,40.32599892071233,39.1150379509524,39.8928108215332,10249800,0.0,0.0
2022-02-03 00:00:00-05:00,39.380861088464776,39.97157250253112,39.065814500209186,39.11503982543945,9922000,0.0,0.0
2022-02-04 00:00:00-05:00,38.9772108473077,39.469471654292825,38.48495004032259,39.233184814453125,9481900,0.0,0.0
2022-02-07 00:00:00-05:00,39.8435861964624,40.65089352377446,39.79435711707755,40.30630874633789,11417500,0.0,0.0
2022-02-08 00:00:00-05:00,40.719814150751766,42.05876413337252,40.365385772334285,41.95046615600586,14194800,0.0,0.0
2022-02-09 00:00:00-05:00,42.2556621436784,43.8210515221142,42.18674593722821,43.2008056640625,18904000,0.0,0.0
2022-02-10 00:00:00-05:00,42.757770805491965,44.03764805704531,42.63962927221131,43.220497131347656,13210100,0.0,0.0
2022-02-11 00:00:00-05:00,43.22049551860224,44.10656261862154,41.271139636126506,41.67479705810547,19893400,0.0,0.0
2022-02-14 00:00:00-05:00,41.72402339660049,42.580556074139466,41.0643920200854,41.320369720458984,11581600,0.0,0.0
2022-02-15 00:00:00-05:00,42.78730888660416,44.05734268318542,42.65932377952688,43.801368713378906,15528800,0.0,0.0
2022-02-16 00:00:00-05:00,43.41739601694069,44.44129926342105,43.29925449023955,43.722599029541016,14029100,0.0,0.0
2022-02-17 00:00:00-05:00,43.09250451706075,43.44693284160896,42.2851972247682,42.639625549316406,9463700,0.0,0.0
2022-02-18 00:00:00-05:00,42.43287671798184,43.00390101182549,42.0390703567998,42.176902770996094,11574900,0.0,0.0
2022-02-22 00:00:00-05:00,41.044698805835154,42.17690000062508,40.79856843789398,41.24160385131836,13329600,0.0,0.0
2022-02-23 00:00:00-05:00,41.64525779072134,41.73386487401516,39.489157104773454,39.56791687011719,12322200,0.0,0.0
2022-02-24 00:00:00-05:00,37.018006365114715,39.86327661392347,36.89002127602526,39.705753326416016,22659700,0.0,0.0
2022-02-25 00:00:00-05:00,40.129096699663265,41.34990507336359,40.01095516532183,40.89702606201172,15398700,0.0,0.0
2022-02-28 00:00:00-05:00,39.70575474964296,39.735289193468184,38.416030204935986,39.30209732055664,22808100,0.0,0.0
2022-03-01 00:00:00-05:00,38.888598879103284,38.97720596348426,36.80141437059204,37.05738830566406,21467500,0.0,0.0
2022-03-02 00:00:00-05:00,37.70717635491039,38.179746270052,37.26414088582393,37.451202392578125,15773500,0.0,0.0
2022-03-03 00:00:00-05:00,37.89423303014422,38.14036339762706,35.81689212768486,35.99410629272461,17589100,0.0,0.0
2022-03-04 00:00:00-05:00,34.96035764624112,35.314785995597695,33.64109865455363,33.98568344116211,23278800,0.0,0.0
2022-03-07 00:00:00-05:00,33.47373408051228,33.6706391497633,29.515956835608787,29.643945693969727,34889300,0.0,0.0
2022-03-08 00:00:00-05:00,30.24450033450485,32.2332361278934,29.289515138770614,30.73676109313965,29492100,0.0,0.0
2022-03-09 00:00:00-05:00,32.420296497270975,33.25713835265664,32.056024557878,32.252925872802734,25808000,0.0,0.0
2022-03-10 00:00:00-05:00,31.62282856317303,32.89286216076331,31.032117183464297,32.046173095703125,17588900,0.0,0.0
2022-03-11 00:00:00-05:00,32.7944148919857,32.88302198362863,31.51453384477633,31.573606491088867,16978700,0.0,0.0
2022-03-14 00:00:00-04:00,31.504690281550115,32.686116918238596,31.160107356030487,31.573606491088867,17253800,0.0,0.0
2022-03-15 00:00:00-04:00,34.20227778578872,34.920978013789615,33.463886677556815,34.32041931152344,27330200,0.0,0.0
2022-03-16 00:00:00-04:00,34.9603605464563,36.3780740614922,34.89144433454781,36.35838317871094,23558200,0.0,0.0
2022-03-17 00:00:00-04:00,35.157260741684546,36.574974060058594,34.82252329214083,36.574974060058594,17062300,0.0,0.0
2022-03-18 00:00:00-04:00,36.220547686775404,37.333054302291046,35.81689401308133,37.096771240234375,18429600,0.0,0.0
2022-03-21 00:00:00-04:00,36.55528684576197,36.65373750023217,35.324634886625844,35.5313835144043,18386400,0.0,0.0
2022-03-22 00:00:00-04:00,35.88581279012115,36.66358574938713,35.767671250628794,36.40760803222656,13587700,0.0,0.0
2022-03-23 00:00:00-04:00,36.151635046492515,36.22055125936084,35.51169449197018,35.65937423706055,12069300,0.0,0.0
2022-03-24 00:00:00-04:00,35.826740571465045,36.693120634635505,35.4033959812597,36.68327331542969,11302400,0.0,0.0
2022-03-25 00:00:00-04:00,36.71281311510954,37.64810943081665,36.6635877838938,37.32321548461914,11313100,0.0,0.0
2022-03-28 00:00:00-04:00,37.82531891989858,38.012380431722384,36.8604881808798,37.746559143066406,11430600,0.0,0.0
2022-03-29 00:00:00-04:00,39.0362758847829,39.63683079745934,38.524324294661845,38.908287048339844,15372200,0.0,0.0
2022-03-30 00:00:00-04:00,38.49479011227282,38.91813466833234,38.307732374620386,38.72123336791992,9363500,0.0,0.0
2022-03-31 00:00:00-04:00,38.790148863139834,39.47931091325354,38.63262557230649,38.957515716552734,9930100,0.0,0.0
2022-04-01 00:00:00-04:00,39.0559664894005,39.282409741618245,38.406182443186054,38.701541900634766,8606300,0.0,0.0
2022-04-04 00:00:00-04:00,38.612935513305054,39.006741870944154,38.11082743107685,38.7901496887207,9482700,0.0,0.0
2022-04-05 00:00:00-04:00,38.898442670328826,39.25287100993753,37.97299381574612,38.425872802734375,12713400,0.0,0.0
2022-04-06 00:00:00-04:00,37.42166068074212,37.47088976041883,36.15163079602475,37.00816345214844,16995200,0.0,0.0
2022-04-07 00:00:00-04:00,36.79156563827249,36.91955447871439,35.61013914382337,36.55528259277344,11688800,0.0,0.0
2022-04-08 00:00:00-04:00,36.4076010881171,36.762029394645026,35.944874826188844,36.17131805419922,8615600,0.0,0.0
2022-04-11 00:00:00-04:00,36.13194249697786,37.963153224510926,35.96457187655137,37.618568420410156,14142900,0.0,0.0
2022-04-12 00:00:00-04:00,37.76624666508383,38.34711452067657,37.18537880949108,38.022220611572266,15762600,0.0,0.0
2022-04-13 00:00:00-04:00,39.58761454368486,40.46383820903486,39.193808138085366,40.38507843017578,33528700,0.0,0.0
2022-04-14 00:00:00-04:00,41.32037144807086,42.20643860667972,40.69027824488631,41.7043342590332,29128900,0.0,0.0
2022-04-18 00:00:00-04:00,41.428668503122886,42.4033427315503,41.20222524232494,41.4778938293457,17011900,0.0,0.0
2022-04-19 00:00:00-04:00,42.147366506831986,43.092506239640684,42.05875942215296,42.37380599975586,18453000,0.0,0.0
2022-04-20 00:00:00-04:00,42.61009208392138,43.55523563956375,42.521484992944025,42.86606979370117,17466800,0.0,0.0
2022-04-21 00:00:00-04:00,44.116410771821066,45.553811293202656,43.8505895100886,44.03764724731445,31849600,0.0,0.0
2022-04-22 00:00:00-04:00,44.313316405176465,44.648053905760364,42.875915743231694,43.01374816894531,15557200,0.0,0.0
2022-04-25 00:00:00-04:00,42.72823527805004,42.8759112519948,41.576343151892964,42.60024642944336,15156900,0.0,0.0
2022-04-26 00:00:00-04:00,42.16705481899087,42.38364698061807,40.90686482968607,41.25144958496094,14561200,0.0,0.0
2022-04-27 00:00:00-04:00,41.52712076064391,42.767616305403244,41.11361974195626,42.442726135253906,13640400,0.0,0.0
2022-04-28 00:00:00-04:00,42.83652968809409,43.73244412118056,42.226127397199846,43.64384078979492,11953000,0.0,0.0
2022-04-29 00:00:00-04:00,43.48631421025738,44.05733850080177,42.15721164601339,42.36396026611328,13460500,0.0,0.0
2022-05-02 00:00:00-04:00,42.285205357303795,42.7282408481962,40.926564437117754,42.00953674316406,13417100,0.0,0.0
2022-05-03 00:00:00-04:00,41.9799953195255,43.013742122721,41.556650782539975,42.67900466918945,10401900,0.0,0.0
2022-05-04 00:00:00-04:00,42.098136103587485,43.289409928061396,41.68463889185786,43.1712646484375,13381200,0.0,0.0
2022-05-05 00:00:00-04:00,42.48210625802814,43.06297412102136,41.152999916102125,41.4778938293457,11983100,0.0,0.0
2022-05-06 00:00:00-04:00,41.320370243995725,41.320370243995725,39.774671726334105,40.36538314819336,12996000,0.0,0.0
2022-05-09 00:00:00-04:00,39.66637231045466,39.82389560091999,37.43150804496752,37.6579475402832,18582900,0.0,0.0
2022-05-10 00:00:00-04:00,38.258505365824,38.721231663862824,37.26413656650458,38.08129119873047,13950000,0.0,0.0
2022-05-11 00:00:00-04:00,38.071441901657536,39.30209368936022,37.126302230058165,37.30351638793945,14402400,0.0,0.0
2022-05-12 00:00:00-04:00,36.73250253170932,37.175534250609246,35.147422142563904,36.1024055480957,17218100,0.0,0.0
2022-05-13 00:00:00-04:00,36.90971141305538,37.85485111906492,36.87032965305882,37.73670959472656,11594800,0.0,0.0
2022-05-16 00:00:00-04:00,37.72686138983164,38.39633627142656,37.52011278818796,37.57918167114258,11062500,0.0,0.0
2022-05-17 00:00:00-04:00,39.23318143064191,40.188168515635255,38.603088252949995,40.089717864990234,13594300,0.0,0.0
2022-05-18 00:00:00-04:00,39.6860634103931,40.19801504614562,38.406182443186054,38.701541900634766,11216900,0.0,0.0
2022-05-19 00:00:00-04:00,38.15020838900889,39.302096749267534,38.05175774058818,38.632625579833984,9564300,0.0,0.0
2022-05-20 00:00:00-04:00,39.282411334623276,39.43008731368477,37.05739052917415,38.04191207885742,10687600,0.0,0.0
2022-05-23 00:00:00-04:00,38.770454650163245,39.37101331849086,38.12067066186559,38.908287048339844,9005200,0.0,0.0
2022-05-24 00:00:00-04:00,38.219131190784886,38.34712006034433,36.210706068868774,36.643898010253906,10856500,0.0,0.0
2022-05-25 00:00:00-04:00,36.506059739862735,38.09113623125383,36.45683065937447,38.00252914428711,10436800,0.0,0.0
2022-05-26 00:00:00-04:00,38.52432971627967,40.601670809964695,38.39634086182444,40.19801712036133,15248300,0.0,0.0
2022-05-27 00:00:00-04:00,40.36538251170402,41.57634353637695,40.36538251170402,41.57634353637695,10730600,0.0,0.0
2022-05-31 00:00:00-04:00,40.07986626317613,41.7929351931445,39.95188118214576,41.04469680786133,14691200,0.0,0.0
2022-06-01 00:00:00-04:00,41.477893251944934,41.645260109902985,38.62277930294678,38.927982330322266,17573200,0.0,0.0
2022-06-02 00:00:00-04:00,38.79014960580099,39.66637316256555,38.61293543076416,39.37101745605469,13761600,0.0,0.0
2022-06-03 00:00:00-04:00,38.59324646058583,38.80983865307122,37.4708924668784,37.94346237182617,14804300,0.0,0.0
2022-06-06 00:00:00-04:00,38.396339416503906,38.68185155967531,37.717020917323396,38.396339416503906,12330400,0.0,0.0
2022-06-07 00:00:00-04:00,37.77608841736742,39.174110882318374,37.65794689046991,39.12488555908203,9604700,0.0,0.0
2022-06-08 00:00:00-04:00,38.23881645229738,38.918134957328434,37.579185072932496,37.628414154052734,9643000,0.0,0.0
2022-06-09 00:00:00-04:00,37.51027417111885,37.618572155857095,36.141789649031125,36.18117141723633,11976600,0.0,0.0
2022-06-10 00:00:00-04:00,35.44277307644808,36.525745195967886,34.4582516021023,34.576393127441406,19434400,0.0,0.0
2022-06-13 00:00:00-04:00,33.47373164569195,33.57218229533043,31.5145321704133,31.711437225341797,20879100,0.0,0.0
2022-06-14 00:00:00-04:00,32.09539882731325,32.26276943227736,30.38233355092409,30.894283294677734,20521200,0.0,0.0
2022-06-15 00:00:00-04:00,31.524379879624203,32.23323658389496,30.8647503786088,31.465307235717773,20995200,0.0,0.0
2022-06-16 00:00:00-04:00,30.195275217891744,30.402023836587002,28.757872816301475,29.122146606445312,20696200,0.0,0.0
2022-06-17 00:00:00-04:00,29.259979626479623,30.00821622563762,28.314839845117408,29.791622161865234,28391100,0.0,0.0
2022-06-21 00:00:00-04:00,30.323262441280097,30.480785736209413,29.29936102423955,29.584871292114258,15125900,0.0,0.0
2022-06-22 00:00:00-04:00,29.456882887613027,30.018059833254664,29.14183631306514,29.53564453125,16042000,0.0,0.0
2022-06-23 00:00:00-04:00,29.42734716044205,29.653788533561837,28.3443750080529,29.102455139160156,15793200,0.0,0.0
2022-06-24 00:00:00-04:00,29.063075113716316,30.80567861837747,29.063075113716316,30.717071533203125,16949600,0.0,0.0
2022-06-27 00:00:00-04:00,30.8450593894872,30.913975595978005,29.870383302347705,29.968835830688477,12782900,0.0,0.0
2022-06-28 00:00:00-04:00,30.520167995092336,31.740976367382757,29.81131315638491,29.860538482666016,14358200,0.0,0.0
2022-06-29 00:00:00-04:00,29.506109219441484,29.545490981519187,28.757872640397064,29.181217193603516,13101500,0.0,0.0
2022-06-30 00:00:00-04:00,28.472363951680382,28.767719672298657,27.665056562686285,28.521589279174805,16394800,0.0,0.0
2022-07-01 00:00:00-04:00,28.77756576281224,29.269826560169246,28.226234195563652,29.063077926635742,11374200,0.0,0.0
2022-07-05 00:00:00-04:00,28.17700618779911,29.36827630277687,27.704434440122306,29.358430862426758,15811300,0.0,0.0
2022-07-06 00:00:00-04:00,29.10245810660815,29.732553210482955,28.728340723098118,29.07292366027832,10289600,0.0,0.0
2022-07-07 00:00:00-04:00,29.41750232875746,29.732550794002616,28.97446876938364,29.447038650512695,9484100,0.0,0.0
2022-07-08 00:00:00-04:00,29.466731667012922,29.958992464984203,29.03354163900694,29.259981155395508,9632300,0.0,0.0
2022-07-11 00:00:00-04:00,29.112302332926163,29.545492346667572,28.718494083082092,28.836637496948242,12059500,0.0,0.0
2022-07-12 00:00:00-04:00,28.95477773230899,31.05180961999478,28.81694532051161,30.608774185180664,22841200,0.0,0.0
2022-07-13 00:00:00-04:00,28.50189855333813,29.28951501263153,27.911185269955197,29.24028968811035,38475800,0.0,0.0
2022-07-14 00:00:00-04:00,28.856325134665877,29.92945373831733,28.6495765174724,29.309206008911133,18983900,0.0,0.0
2022-07-15 00:00:00-04:00,29.68332499516343,29.9688371521587,29.082768113672273,29.62425422668457,13055100,0.0,0.0
2022-07-18 00:00:00-04:00,30.71707168098054,31.494842692799025,30.57923739347637,30.65799903869629,19675900,0.0,0.0
2022-07-19 00:00:00-04:00,31.317626975790276,32.223386790024804,31.317626975790276,32.09539794921875,15847500,0.0,0.0
2022-07-20 00:00:00-04:00,32.0658650273738,32.56797309667898,31.642520480960215,32.341529846191406,12200800,0.0,0.0
2022-07-21 00:00:00-04:00,31.386545588335,31.65236873026233,30.80567961252817,31.465307235717773,15522200,0.0,0.0
2022-07-22 00:00:00-04:00,31.80004618728918,31.977260371608676,30.805681046964697,30.8647518157959,11256400,0.0,0.0
2022-07-25 00:00:00-04:00,30.845058849875883,31.022273022223885,30.244500127546704,30.92382049560547,9314600,0.0,0.0
2022-07-26 00:00:00-04:00,30.470940158945815,30.726914087914217,30.096820949852294,30.16573715209961,8764800,0.0,0.0
2022-07-27 00:00:00-04:00,30.815525121236405,31.16010805447981,30.264193554742505,31.01243019104004,10281300,0.0,0.0
2022-07-28 00:00:00-04:00,30.795834299865284,31.22902242335798,30.11651391472447,31.209333419799805,10672100,0.0,0.0
2022-07-29 00:00:00-04:00,31.101032617259207,31.534220701296125,30.953354775981822,31.307781219482422,8355200,0.0,0.0
2022-08-01 00:00:00-04:00,31.288095127591525,31.800044899777408,30.766298036868935,31.731128692626953,10517300,0.0,0.0
2022-08-02 00:00:00-04:00,31.2388694086815,31.92803526859067,30.805681263769458,31.327476501464844,10132600,0.0,0.0
2022-08-03 00:00:00-04:00,31.7015895926187,32.80425250074035,31.58344807708986,32.73533630371094,11895100,0.0,0.0
2022-08-04 00:00:00-04:00,32.695956893192545,33.07991966295602,32.41044476749358,32.81410217285156,7573300,0.0,0.0
2022-08-05 00:00:00-04:00,32.39075581756453,32.88301652144453,32.27261054456452,32.43013381958008,7722900,0.0,0.0
2022-08-08 00:00:00-04:00,32.77472487890455,33.582032288322914,32.76487755976548,33.227603912353516,9526900,0.0,0.0
2022-08-09 00:00:00-04:00,32.981473160083354,33.07992381650945,32.22339108751665,32.695960998535156,7179800,0.0,0.0
2022-08-10 00:00:00-04:00,33.660789618072286,33.99552708710023,33.365433911436234,33.404815673828125,10465700,0.0,0.0
2022-08-11 00:00:00-04:00,33.96599931928545,34.251511519267886,33.3260586994148,33.434356689453125,7598700,0.0,0.0
2022-08-12 00:00:00-04:00,33.84785424610954,34.06444644801947,33.55249851212189,33.96599578857422,7142000,0.0,0.0
2022-08-15 00:00:00-04:00,34.054598294757305,34.93082181494683,33.94630033057183,34.458251953125,9042000,0.0,0.0
2022-08-16 00:00:00-04:00,34.53702147495775,35.2360309489517,34.17274575838169,34.79299545288086,8757400,0.0,0.0
2022-08-17 00:00:00-04:00,34.23181441207222,34.37949038974852,33.53280501971018,34.005374908447266,7976000,0.0,0.0
2022-08-18 00:00:00-04:00,33.995528062802144,34.07429158984652,33.503267285729876,33.95615005493164,5687500,0.0,0.0
2022-08-19 00:00:00-04:00,33.35558583262671,33.5327999837455,32.54827859115269,32.73533630371094,9874900,0.0,0.0
2022-08-22 00:00:00-04:00,31.996952424553406,31.996952424553406,31.35701375162753,31.87881088256836,9246500,0.0,0.0
2022-08-23 00:00:00-04:00,31.888655193507283,32.508904875854874,31.770513648753646,32.36122512817383,7974300,0.0,0.0
2022-08-24 00:00:00-04:00,32.371077479858116,32.89287282631528,32.16432504983412,32.7944221496582,5742000,0.0,0.0
2022-08-25 00:00:00-04:00,33.060232610403766,33.631253107389455,33.00115997044607,33.46388626098633,6785000,0.0,0.0
2022-08-26 00:00:00-04:00,33.42450264598886,33.72970187970368,32.14462556314806,32.17416000366211,6917100,0.0,0.0
2022-08-29 00:00:00-04:00,31.70159225289435,31.84926822078503,31.357009361005687,31.534221649169922,8758400,0.0,0.0
2022-08-30 00:00:00-04:00,31.750818139535305,31.947723189205348,30.982890699213,31.229021072387695,7506400,0.0,0.0
2022-08-31 00:00:00-04:00,31.475151692717,31.524378894433923,30.579237277552124,30.589082717895508,7450000,0.0,0.0
2022-09-01 00:00:00-04:00,30.17558419089861,30.65799951001522,29.476574813553864,30.608774185180664,8572700,0.0,0.0
2022-09-02 00:00:00-04:00,30.953356561134736,31.337319346165103,30.224810874700474,30.461095809936523,8629600,0.0,0.0
2022-09-06 00:00:00-04:00,30.854903647498624,31.160104783614074,30.185428733831916,30.707225799560547,7630800,0.0,0.0
2022-09-07 00:00:00-04:00,30.805679799712514,31.83942666262099,30.785988918290727,31.731128692626953,9035900,0.0,0.0
2022-09-08 00:00:00-04:00,31.229023097552137,31.987107024594913,31.061654357826658,31.622831344604492,11085400,0.0,0.0
2022-09-09 00:00:00-04:00,31.928032854560144,32.25292299976677,31.740975119783695,32.15447235107422,10958900,0.0,0.0
2022-09-12 00:00:00-04:00,32.48921067875831,32.93224612096262,32.21354585056525,32.63689041137695,8295100,0.0,0.0
2022-09-13 00:00:00-04:00,31.534222801447108,31.86896026547607,31.10103468856025,31.24871253967285,9508100,0.0,0.0
2022-09-14 00:00:00-04:00,31.101034636327586,32.184006794551685,30.342952623310115,32.15447235107422,11048000,0.0,0.0
2022-09-15 00:00:00-04:00,31.967409791204727,33.217752370263916,31.947718913308016,32.764869689941406,11539700,0.0,0.0
2022-09-16 00:00:00-04:00,32.21354626370618,32.311996916280165,31.297940923291797,31.612987518310547,13830200,0.0,0.0
2022-09-19 00:00:00-04:00,31.445614289645636,32.59750441183786,31.33731633388786,32.43013381958008,8929700,0.0,0.0
2022-09-20 00:00:00-04:00,32.351378108470755,32.75503178594104,31.760662936499763,32.243080139160156,7618900,0.0,0.0
2022-09-21 00:00:00-04:00,31.898496863718403,31.957565747807955,30.598926956803968,30.677688598632812,13704400,0.0,0.0
2022-09-22 00:00:00-04:00,30.638310181903258,30.717071827498863,29.269824007669172,29.49626350402832,11105300,0.0,0.0
2022-09-23 00:00:00-04:00,28.935087964613153,29.12214758626857,28.039173497805507,28.570816040039062,12887500,0.0,0.0
2022-09-26 00:00:00-04:00,28.492054071778277,28.67911181351485,27.586294174194336,27.586294174194336,12130600,0.0,0.0
2022-09-27 00:00:00-04:00,28.167160651815053,28.482207230646104,27.369696886595,28.058862686157227,13177600,0.0,0.0
2022-09-28 00:00:00-04:00,28.058864601724064,29.181218584888754,27.822579651469702,29.033540725708008,10325700,0.0,0.0
2022-09-29 00:00:00-04:00,28.4231385823497,28.482209350821233,27.645365639866714,27.999794006347656,11040300,0.0,0.0
2022-09-30 00:00:00-04:00,27.684747848662088,28.14747231846755,27.45830645653729,27.625675201416016,9632400,0.0,0.0
2022-10-03 00:00:00-04:00,27.546913616517283,28.058865293605137,26.778987978711406,27.822580337524414,11053600,0.0,0.0
2022-10-04 00:00:00-04:00,28.797257772306118,30.342956436042698,28.797257772306118,30.27404022216797,16308100,0.0,0.0
2022-10-05 00:00:00-04:00,29.53564248337788,30.274033545462327,29.338737449025132,30.04759407043457,8523000,0.0,0.0
2022-10-06 00:00:00-04:00,29.821157475925254,30.441405201744594,29.683323187434254,30.14604949951172,10688100,0.0,0.0
2022-10-07 00:00:00-04:00,29.73255295628243,29.752241961058672,28.610197059696123,28.935089111328125,11051700,0.0,0.0
2022-10-10 00:00:00-04:00,28.954778963956365,29.259980122129647,28.531434392198605,28.964624404907227,10400100,0.0,0.0
2022-10-11 00:00:00-04:00,30.116513104258033,30.283881835866172,27.930876030750916,28.393600463867188,17037900,0.0,0.0
2022-10-12 00:00:00-04:00,28.078551294025328,28.984311073762452,27.77334830238931,28.757869720458984,11868600,0.0,0.0
2022-10-13 00:00:00-04:00,28.876016478011557,30.539858394010096,28.07855456234247,29.90976333618164,27099400,0.0,0.0
2022-10-14 00:00:00-04:00,31.101036585555935,31.42592862895062,30.38233628923222,30.59893035888672,22499400,0.0,0.0
2022-10-17 00:00:00-04:00,31.485000870006026,31.62283329552122,30.244503406891358,30.648157119750977,15306200,0.0,0.0
2022-10-18 00:00:00-04:00,31.465307575691153,31.691747079635014,30.854905271335895,31.672056198120117,13590500,0.0,0.0
2022-10-19 00:00:00-04:00,32.07571235165257,32.43013693777758,31.58345160044109,32.016639709472656,14208800,0.0,0.0
2022-10-20 00:00:00-04:00,31.898497004714876,32.5876590264814,31.612984878182264,31.652366638183594,14786500,0.0,0.0
2022-10-21 00:00:00-04:00,31.56376245130431,32.30215361862971,31.278250298582087,32.075714111328125,11173100,0.0,0.0
2022-10-24 00:00:00-04:00,32.34153059227644,32.90270756104459,32.075713085513904,32.75503158569336,10388300,0.0,0.0
2022-10-25 00:00:00-04:00,32.56797118881194,33.46388555313699,32.410444152256865,33.37527847290039,7755600,0.0,0.0
2022-10-26 00:00:00-04:00,33.17837343285781,34.06444047957254,33.17837343285781,33.37527847290039,9418900,0.0,0.0
2022-10-27 00:00:00-04:00,33.867546664572345,34.53702169497718,33.51311826545777,33.56234359741211,8440400,0.0,0.0
2022-10-28 00:00:00-04:00,33.54265036304334,34.212125346535615,33.17837842532462,34.13336181640625,7315400,0.0,0.0
2022-10-31 00:00:00-04:00,34.13335949982028,34.38933719971601,33.365433911436234,33.404815673828125,10301300,0.0,0.0
2022-11-01 00:00:00-04:00,33.79862472086413,33.89707536808841,33.01100452046411,33.109458923339844,9195500,0.0,0.0
2022-11-02 00:00:00-04:00,32.686116645816625,32.86333082762549,31.53422446405897,31.563762664794922,13959700,0.0,0.0
2022-11-03 00:00:00-04:00,31.05181216607299,31.888654023831563,30.500478718025605,31.475154876708984,10291100,0.0,0.0
2022-11-04 00:00:00-04:00,32.19385698058605,32.70580866182442,31.662214416724833,32.252925872802734,9712000,0.0,0.0
2022-11-07 00:00:00-05:00,32.853482936752066,33.119304204836624,32.0658664511228,32.8436393737793,6998500,0.0,0.0
2022-11-08 00:00:00-05:00,32.902709183036045,33.375282843280665,32.58766257997413,33.0700798034668,7679400,0.0,0.0
2022-11-09 00:00:00-05:00,32.75503513751849,33.50326992512776,32.63689359329639,32.94209289550781,7765400,0.0,0.0
2022-11-10 00:00:00-05:00,33.995526510315926,35.275407476776365,33.77893433213846,34.940670013427734,11959400,0.0,0.0
2022-11-11 00:00:00-05:00,35.137571725415526,35.44277474889894,34.71422717101822,34.891441345214844,9130000,0.0,0.0
2022-11-14 00:00:00-05:00,34.21212593229984,34.94067357586299,34.0644461886047,34.153053283691406,8299600,0.0,0.0
2022-11-15 00:00:00-05:00,34.72408186396563,35.02928495226696,33.92661791071834,34.35980987548828,8391700,0.0,0.0
2022-11-16 00:00:00-05:00,33.88722887344684,34.11367212773794,33.365433670305755,33.59187316894531,7329200,0.0,0.0
2022-11-17 00:00:00-05:00,32.92240031227537,33.601722606693166,32.78456789185778,33.532806396484375,5522200,0.0,0.0
2022-11-18 00:00:00-05:00,34.458253800531736,34.832373036234245,33.64109912197778,33.936458587646484,6364200,0.0,0.0
2022-11-21 00:00:00-05:00,33.76908863281109,34.15305143889624,33.52295824371531,33.700172424316406,5733000,0.0,0.0
2022-11-22 00:00:00-05:00,33.838004841305775,33.975837258295144,33.227602527930706,33.700172424316406,4823800,0.0,0.0
2022-11-23 00:00:00-05:00,33.82816120131038,34.32042197838265,33.670637902873324,33.95615005493164,5420600,0.0,0.0
2022-11-25 00:00:00-05:00,33.965994037334475,34.8422176304368,33.82816161895681,34.556705474853516,4352600,0.0,0.0
2022-11-28 00:00:00-05:00,34.16289980626349,34.37949200147298,33.34574508666992,33.34574508666992,6061200,0.0,0.0
2022-11-29 00:00:00-05:00,33.493423368223866,34.19243276291266,33.35559095300654,34.07429122924805,6778200,0.0,0.0
2022-11-30 00:00:00-05:00,33.97583591841067,34.832372342754496,33.68048021427383,34.82252502441406,7404100,0.0,0.0
2022-12-01 00:00:00-05:00,34.90129078294286,35.186802942669544,34.55670597634631,34.832374572753906,6371600,0.0,0.0
2022-12-02 00:00:00-05:00,34.45825528924721,35.16711202843458,34.34011375126657,35.157264709472656,6566300,0.0,0.0
2022-12-05 00:00:00-05:00,35.176957927874014,36.3091593219718,35.12773259675064,35.23603057861328,12131800,0.0,0.0
2022-12-06 00:00:00-05:00,35.34432437543411,35.6790618453504,34.655158554353335,35.35416793823242,8832900,0.0,0.0
2022-12-07 00:00:00-05:00,35.08834674743126,35.09819406590152,33.769087746285734,33.79862594604492,10996500,0.0,0.0
2022-12-08 00:00:00-05:00,34.03490475192292,34.20227534411241,32.784562113899796,33.01100158691406,8918400,0.0,0.0
2022-12-09 00:00:00-05:00,32.79441153380031,33.29651583125968,32.64673181096742,33.276824951171875,5989400,0.0,0.0
2022-12-12 00:00:00-05:00,33.1685302429729,34.251506220154624,33.07992315170941,34.231815338134766,7163700,0.0,0.0
2022-12-13 00:00:00-05:00,34.97020232678232,35.167107367755506,32.302150100766944,32.86332702636719,15029400,0.0,0.0
2022-12-14 00:00:00-05:00,34.11367194356136,34.24165703624173,33.20791019824171,33.778934478759766,23497700,0.0,0.0
2022-12-15 00:00:00-05:00,33.12914636300849,33.5327999837455,32.32183912153447,32.73533630371094,11682500,0.0,0.0
2022-12-16 00:00:00-05:00,32.735343716775496,33.21776096087798,32.11509404740143,32.597511291503906,12861400,0.0,0.0
2022-12-19 00:00:00-05:00,32.79442042876683,33.16853598495403,32.341537575212634,32.41045379638672,8440100,0.0,0.0
2022-12-20 00:00:00-05:00,32.35138056351795,32.76487783519025,32.24308258598895,32.39076232910156,5995900,0.0,0.0
2022-12-21 00:00:00-05:00,32.72549347541566,33.463884536402325,32.68611171747343,33.148834228515625,8164600,0.0,0.0
2022-12-22 00:00:00-05:00,33.0799288783513,33.109467084320464,31.790207805819954,32.41045379638672,6806000,0.0,0.0
2022-12-23 00:00:00-05:00,32.32184974630252,32.65658352439201,31.868966902544354,32.6467399597168,5955600,0.0,0.0
2022-12-27 00:00:00-05:00,32.35138056351795,32.8141069199957,32.08555927930638,32.39076232910156,7613000,0.0,0.0
2022-12-28 00:00:00-05:00,32.33168813708367,32.50890231809714,31.425928227990457,31.494844436645508,7687300,0.0,0.0
2022-12-29 00:00:00-05:00,31.45546309349432,32.2529231154584,31.3274742452137,32.223388671875,7388000,0.0,0.0
2022-12-30 00:00:00-05:00,31.93787461620905,32.53843330406235,31.84926753512166,32.351375579833984,6957600,0.0,0.0
2023-01-03 00:00:00-05:00,32.73534456155899,33.03070030271333,31.839430018521348,32.10525131225586,8640200,0.0,0.0
2023-01-04 00:00:00-05:00,32.43998681012539,33.93646006231111,32.430139491161,33.857696533203125,11318800,0.0,0.0
2023-01-05 00:00:00-05:00,34.15304986550141,35.01942984678783,33.9856830113395,34.6846923828125,11332500,0.0,0.0
2023-01-06 00:00:00-05:00,34.64531461247919,35.511694693580694,34.556707516052306,35.472312927246094,11110400,0.0,0.0
2023-01-09 00:00:00-05:00,35.974419556335896,36.840795845599445,35.787358051885526,36.20085906982422,11251300,0.0,0.0
2023-01-10 00:00:00-05:00,36.10240464531727,37.57918701979356,36.09256108197422,37.50042724609375,10283500,0.0,0.0
2023-01-11 00:00:00-05:00,37.33305352598371,38.10098285082837,37.23460287811588,37.58903121948242,14336700,0.0,0.0
2023-01-12 00:00:00-05:00,38.238818172012614,39.006743799683804,37.726866501681236,38.98705291748047,20052100,0.0,0.0
2023-01-13 00:00:00-05:00,35.98426068205143,37.69732977349121,35.95472623836073,37.60872268676758,29120400,0.0,0.0
2023-01-17 00:00:00-05:00,37.60872819259411,37.76625150809143,36.978634930604805,37.66779708862305,17803900,0.0,0.0
2023-01-18 00:00:00-05:00,38.4652567826046,38.71138717090161,37.717022054668426,37.78593826293945,18661200,0.0,0.0
2023-01-19 00:00:00-05:00,37.264140272386264,37.84500815437037,36.456832877852655,37.75640106201172,17006100,0.0,0.0
2023-01-20 00:00:00-05:00,37.923768492056354,38.593243410061355,37.746554322252,38.425872802734375,11998700,0.0,0.0
2023-01-23 00:00:00-05:00,38.59324682408127,38.70154479916985,38.13052047803068,38.47510528564453,12459300,0.0,0.0
2023-01-24 00:00:00-05:00,38.64247164563979,38.849220274107175,37.8548551402985,38.19943618774414,7679600,0.0,0.0
2023-01-25 00:00:00-05:00,38.13052148765678,38.888603577697715,38.02222350970066,38.77046203613281,10181800,0.0,0.0
2023-01-26 00:00:00-05:00,38.80983540639963,38.89844249089307,38.022218964042096,38.61293411254883,7618400,0.0,0.0
2023-01-27 00:00:00-05:00,38.39634114090475,38.61293708761072,38.100985421720445,38.13051986694336,7298400,0.0,0.0
2023-01-30 00:00:00-05:00,37.83516035779178,38.78030006676712,37.66778975510684,37.805625915527344,8982000,0.0,0.0
2023-01-31 00:00:00-05:00,38.20928452941419,38.504640257366894,37.77609262314185,38.49479293823242,7919200,0.0,0.0
2023-02-01 00:00:00-05:00,38.2388170604379,39.45962543199422,38.00253023651835,39.27256393432617,10781400,0.0,0.0
2023-02-02 00:00:00-05:00,39.58760893180466,39.7155977794157,38.89844312513562,39.28240966796875,10322700,0.0,0.0
2023-02-03 00:00:00-05:00,38.69169667341903,39.39070608176822,38.68185311027613,38.96736526489258,8279400,0.0,0.0
2023-02-06 00:00:00-05:00,38.662163909496236,39.22334092433633,38.475106156433505,39.02643585205078,6453800,0.0,0.0
2023-02-07 00:00:00-05:00,38.88860009668268,39.15442135814831,38.07144543117888,38.97720718383789,7994700,0.0,0.0
2023-02-08 00:00:00-05:00,39.38085836301315,39.68606136736097,38.553860187163814,38.829524993896484,8942300,0.0,0.0
2023-02-09 00:00:00-05:00,39.10519055738458,39.351320903278186,38.27819244495602,38.40617752075195,5840000,0.0,0.0
2023-02-10 00:00:00-05:00,37.90407554999802,37.943457309068606,37.2346006684031,37.57918167114258,8190200,0.0,0.0
2023-02-13 00:00:00-05:00,37.55949746510507,38.140365311742094,37.39212685387836,38.00252914428711,7842200,0.0,0.0
2023-02-14 00:00:00-05:00,37.93361592842674,38.64247268003469,37.657951083091135,38.49479293823242,7286000,0.0,0.0
2023-02-15 00:00:00-05:00,38.07144609191555,38.652313949869324,38.01237720322129,38.41603088378906,4151600,0.0,0.0
2023-02-16 00:00:00-05:00,38.022218378819915,38.189588982798725,37.62841204152817,37.68748092651367,6273300,0.0,0.0
2023-02-17 00:00:00-05:00,37.57918529983177,37.83516300285682,37.086924530869965,37.7662467956543,5961400,0.0,0.0
2023-02-21 00:00:00-05:00,37.31336558006723,37.50042330916157,36.25008057935901,36.5257453918457,7276600,0.0,0.0
2023-02-22 00:00:00-05:00,36.4272940416405,36.88017301215322,36.26977075817297,36.437137603759766,6220000,0.0,0.0
2023-02-23 00:00:00-05:00,37.04754727416809,37.54965161619419,36.58482094016142,36.949092864990234,7620100,0.0,0.0
2023-02-24 00:00:00-05:00,36.23038964269432,36.82110478294099,36.09255723666551,36.78172302246094,5482500,0.0,0.0
2023-02-27 00:00:00-05:00,37.22476090463028,37.61856726856377,36.97863051880249,37.254295349121094,7961500,0.0,0.0
2023-02-28 00:00:00-05:00,37.05739325643815,38.13052197479662,37.05739325643815,37.746559143066406,8203600,0.0,0.0
2023-03-01 00:00:00-05:00,37.74655450372102,38.07144464615662,37.421660605633946,37.91392135620117,5983200,0.0,0.0
2023-03-02 00:00:00-05:00,37.52011431205081,37.95330241246722,37.26413662334684,37.825313568115234,5295200,0.0,0.0
2023-03-03 00:00:00-05:00,38.386497214182036,38.63262760377998,37.98284352546748,38.248661041259766,7160300,0.0,0.0
2023-03-06 00:00:00-05:00,38.386495458612366,38.66216028054625,37.76624585360959,37.86469650268555,5238300,0.0,0.0
2023-03-07 00:00:00-05:00,38.30773244330139,39.15442155693845,38.100983824106734,38.46525573730469,11338800,0.0,0.0
2023-03-08 00:00:00-05:00,38.60308818061122,39.12488714387645,38.563706418166376,39.11503982543945,7836500,0.0,0.0
2023-03-09 00:00:00-05:00,39.124885562899024,39.676215192242125,37.72686309781168,37.89423370361328,9930000,0.0,0.0
2023-03-10 00:00:00-05:00,38.31757676059336,38.31757676059336,36.01379994880064,36.67342758178711,12931100,0.0,0.0
2023-03-13 00:00:00-04:00,35.846427754669094,35.99410748230003,34.84221537147257,35.12772750854492,14734000,0.0,0.0
2023-03-14 00:00:00-04:00,35.81690077935931,35.92519876811566,34.55671043960169,34.92098617553711,14902900,0.0,0.0
2023-03-15 00:00:00-04:00,33.83800254844492,33.96599139368468,32.075711936227094,32.71564865112305,18703300,0.0,0.0
2023-03-16 00:00:00-04:00,32.60734935762343,33.36543132445764,32.12493595050702,33.18821716308594,13436300,0.0,0.0
2023-03-17 00:00:00-04:00,32.74518481283738,32.833791901785006,32.00679365682436,32.4498291015625,12989700,0.0,0.0
2023-03-20 00:00:00-04:00,32.567968170756835,33.00115621418621,32.4104411487997,32.627037048339844,9241000,0.0,0.0
2023-03-21 00:00:00-04:00,33.19806968401156,33.6115669549204,33.129153472193416,33.36543655395508,8366000,0.0,0.0
2023-03-22 00:00:00-04:00,33.365438634647575,33.493427502713544,32.223393653175805,32.26277542114258,10330400,0.0,0.0
2023-03-23 00:00:00-04:00,32.48921000870235,32.83379103683707,31.317628879567025,31.642520904541016,10506900,0.0,0.0
2023-03-24 00:00:00-04:00,31.248712013052565,31.36685541864708,30.559548093532683,31.10103416442871,12647300,0.0,0.0
2023-03-27 00:00:00-04:00,31.681902402477284,31.80004393176009,31.248712413513573,31.63267707824707,7194500,0.0,0.0
2023-03-28 00:00:00-04:00,31.504686661459786,32.02648183248179,31.475150341697432,31.9674129486084,6752000,0.0,0.0
2023-03-29 00:00:00-04:00,32.3218430020847,32.902707088027796,32.01663998170397,32.804256439208984,9977900,0.0,0.0
2023-03-30 00:00:00-04:00,33.18822112095425,33.759245432505416,33.18822112095425,33.58203125,10614900,0.0,0.0
2023-03-31 00:00:00-04:00,33.96598889149611,34.39917696300541,33.83800005568496,34.379486083984375,9177200,0.0,0.0
2023-04-03 00:00:00-04:00,33.94630362562372,34.31057555861871,33.63125702049533,33.857696533203125,9275500,0.0,0.0
2023-04-04 00:00:00-04:00,34.03490657684464,34.16289541824618,32.98146891493899,33.39496612548828,8551700,0.0,0.0
2023-04-05 00:00:00-04:00,33.04054731206954,33.109463525836766,32.34153409926317,32.94209289550781,8679600,0.0,0.0
2023-04-06 00:00:00-04:00,33.06023529525794,33.296518362974815,32.705806938030975,33.16852951049805,6291800,0.0,0.0
2023-04-10 00:00:00-04:00,33.16853001764491,33.63125635283872,33.09961380886946,33.44419860839844,8534800,0.0,0.0
2023-04-11 00:00:00-04:00,33.44419533436749,34.24165531660206,33.41465713660416,34.04475402832031,9801200,0.0,0.0
2023-04-12 00:00:00-04:00,33.78878259523306,33.936462344415574,32.62704675233018,33.2177619934082,21581700,0.0,0.0
2023-04-13 00:00:00-04:00,33.522956210921066,33.582028852756565,31.93787600035743,32.85348129272461,37172700,0.0,0.0
2023-04-14 00:00:00-04:00,33.18821892280158,33.47373105966686,32.508900438625226,33.247291564941406,15803000,0.0,0.0
2023-04-17 00:00:00-04:00,33.28667790155007,34.0742944600799,33.14884171761186,34.054603576660156,12113600,0.0,0.0
2023-04-18 00:00:00-04:00,34.39918209563175,34.92098107841777,34.005375723405535,34.81268310546875,13113100,0.0,0.0
2023-04-19 00:00:00-04:00,34.60593380237339,35.62983335468176,34.57639560218594,35.37385940551758,11774200,0.0,0.0
2023-04-20 00:00:00-04:00,35.03912080412509,35.09819344695014,34.054599290950065,34.103824615478516,11195600,0.0,0.0
2023-04-21 00:00:00-04:00,34.143206979472204,34.15305054229088,33.335899624884064,33.79862594604492,9579200,0.0,0.0
2023-04-24 00:00:00-04:00,33.88722887344684,33.93645795390672,32.942089116781325,33.59187316894531,8452700,0.0,0.0
2023-04-25 00:00:00-04:00,33.37528426913864,33.46389136476351,32.57782040851484,32.597511291503906,9119000,0.0,0.0
2023-04-26 00:00:00-04:00,32.66642469792797,32.951936843264704,32.18400749526758,32.243080139160156,9237500,0.0,0.0
2023-04-27 00:00:00-04:00,32.538433609298515,32.932243696859246,32.22338704151046,32.81410217285156,9561500,0.0,0.0
2023-04-28 00:00:00-04:00,32.93224537628211,33.857694246897566,32.725496759812415,33.778934478759766,11108900,0.0,0.0
2023-05-01 00:00:00-04:00,33.897074542017364,34.61577476506394,33.65094417430341,34.182586669921875,9901400,0.0,0.0
2023-05-02 00:00:00-04:00,33.96599091763965,34.13335776582551,33.365432216452525,33.99552536010742,10014900,0.0,0.0
2023-05-03 00:00:00-04:00,33.99552523813355,34.27119380423203,33.522955382087936,33.60171890258789,11166100,0.0,0.0
2023-05-04 00:00:00-04:00,33.4245067720784,33.45404121623833,32.17416397540304,32.56797409057617,11694300,0.0,0.0
2023-05-05 00:00:00-04:00,32.922396854046156,33.66078796213708,32.804255328333994,33.41465759277344,8694400,0.0,0.0
2023-05-08 00:00:00-04:00,33.71002080293589,33.89707855249543,33.207912690228554,33.67063903808594,8726300,0.0,0.0
2023-05-09 00:00:00-04:00,33.41466132221308,33.887231233457044,33.178378244417,33.67063903808594,5845700,0.0,0.0
2023-05-10 00:00:00-04:00,34.11367045447266,34.192430219172536,32.59750648857357,33.276824951171875,9025300,0.0,0.0
2023-05-11 00:00:00-04:00,33.03070073974784,33.11930783883172,32.499058145244575,32.705810546875,7620000,0.0,0.0
2023-05-12 00:00:00-04:00,32.863328376834424,33.030695227365975,32.341529433465276,32.71564865112305,8929900,0.0,0.0
2023-05-15 00:00:00-04:00,32.83378727370597,33.20790645826781,32.54827892125327,33.198062896728516,7586600,0.0,0.0
2023-05-16 00:00:00-04:00,33.129145772713635,33.71001353421954,32.84363367259272,33.296512603759766,8646700,0.0,0.0
2023-05-17 00:00:00-04:00,33.76908823589291,35.61998979172037,33.69032846524687,35.37385940551758,16957300,0.0,0.0
2023-05-18 00:00:00-04:00,35.33448028564453,35.56091980721222,34.98989922144411,35.33448028564453,9786300,0.0,0.0
2023-05-19 00:00:00-04:00,35.373857174812024,35.44277337815076,34.468095457764996,35.039119720458984,8997500,0.0,0.0
2023-05-22 00:00:00-04:00,35.511691551177876,35.77751281693619,34.66500242816655,34.9111328125,9021000,0.0,0.0
2023-05-23 00:00:00-04:00,35.18680108110007,36.07286820335971,34.76345652339266,35.35416793823242,10602100,0.0,0.0
2023-05-24 00:00:00-04:00,35.00958910044593,35.18680328713862,33.97583842618792,34.389339447021484,8803900,0.0,0.0
2023-05-25 00:00:00-04:00,34.556707093708695,35.26556385646027,34.487790881291396,35.19664764404297,6880100,0.0,0.0
2023-05-26 00:00:00-04:00,35.196647859964365,35.68890866919463,35.15726609386948,35.33448028564453,6703600,0.0,0.0
2023-05-30 00:00:00-04:00,35.728288328290446,36.35838152604249,35.54122682819726,35.718441009521484,8652600,0.0,0.0
2023-05-31 00:00:00-04:00,36.299312331294566,36.34853766286402,35.32463799700248,35.76767349243164,9972100,0.0,0.0
2023-06-01 00:00:00-04:00,35.85627253839476,36.24023909218198,35.44277529598768,35.81689453125,7769000,0.0,0.0
2023-06-02 00:00:00-04:00,36.338686959961805,37.057387175510605,36.06302215280646,36.437137603759766,8924900,0.0,0.0
2023-06-05 00:00:00-04:00,36.50605826722642,36.64389067346977,35.98425932918195,36.5257453918457,8285200,0.0,0.0
2023-06-06 00:00:00-04:00,36.08271413312476,37.086922748573905,36.04333237214401,37.05738830566406,5744700,0.0,0.0
2023-06-07 00:00:00-04:00,37.25429329320037,37.66779051585896,37.018006483358725,37.63825607299805,10268900,0.0,0.0
2023-06-08 00:00:00-04:00,37.64810223954614,38.603085500803864,37.64810223954614,38.504634857177734,14879500,0.0,0.0
2023-06-09 00:00:00-04:00,38.51448140430574,39.28241075558219,38.475103397194125,38.67200469970703,14940000,0.0,0.0
2023-06-12 00:00:00-04:00,38.96736411895136,39.59745729981549,38.92798235623445,39.57776641845703,10953500,0.0,0.0
2023-06-13 00:00:00-04:00,39.76482534711359,41.00532462023405,39.57776760209143,40.916717529296875,14333300,0.0,0.0
2023-06-14 00:00:00-04:00,41.064386962679926,41.576338544724614,40.83794748986901,41.536956787109375,13048900,0.0,0.0
2023-06-15 00:00:00-04:00,41.09392801050501,42.35411429643647,41.005320927547245,42.21628189086914,14463100,0.0,0.0
2023-06-16 00:00:00-04:00,42.196597946288726,42.49195368614329,41.89139488690289,42.127681732177734,12213000,0.0,0.0
2023-06-20 00:00:00-04:00,41.76340278769349,41.97999873278089,41.477894389484824,41.82247543334961,12208700,0.0,0.0
2023-06-21 00:00:00-04:00,41.83232599232317,42.37381214133186,41.704337127980466,42.127681732177734,9063100,0.0,0.0
2023-06-22 00:00:00-04:00,41.950462331200875,42.432875770111714,41.82247348274122,42.275352478027344,7195500,0.0,0.0
2023-06-23 00:00:00-04:00,41.59603549181469,42.33442665439128,41.43851219402442,42.19659423828125,19580500,0.0,0.0
2023-06-26 00:00:00-04:00,42.18674736756671,42.905451411746135,41.99968962309567,42.472259521484375,10820000,0.0,0.0
2023-06-27 00:00:00-04:00,43.00390157453122,45.553812537483125,42.69869854220897,45.3765983581543,25947100,0.0,0.0
2023-06-28 00:00:00-04:00,45.55381517170225,46.18390839879569,45.33721921651942,45.987003326416016,17184100,0.0,0.0
2023-06-29 00:00:00-04:00,46.02638117201895,46.676165226574334,45.50458596695751,45.59319305419922,15246600,0.0,0.0
2023-06-30 00:00:00-04:00,45.92793364349985,46.99121500701403,45.770410339436566,46.80415725708008,13325700,0.0,0.0
2023-07-03 00:00:00-04:00,46.7057034976101,47.42440381717304,46.7057034976101,47.217655181884766,6305700,0.0,0.0
2023-07-05 00:00:00-04:00,46.98136551270562,48.06433762197038,46.92229287276976,47.76898193359375,10488400,0.0,0.0
2023-07-06 00:00:00-04:00,47.2471885209016,47.70006751034481,46.50879739459798,46.59740447998047,15081900,0.0,0.0
2023-07-07 00:00:00-04:00,46.75493032171274,47.64099746824389,46.42019284262719,47.138893127441406,14595500,0.0,0.0
2023-07-10 00:00:00-04:00,47.089661735748344,47.85758724829848,46.92229113993671,47.70990753173828,10141000,0.0,0.0
2023-07-11 00:00:00-04:00,47.82805481054188,48.03480341786493,47.2668741174986,47.90681457519531,9937300,0.0,0.0
2023-07-12 00:00:00-04:00,47.94620449096566,48.28094199789696,47.13889704877583,47.20781326293945,15383400,0.0,0.0
2023-07-13 00:00:00-04:00,48.97994819255626,49.03902083889347,46.49895338116967,46.97152328491211,32909200,0.0,0.0
2023-07-14 00:00:00-04:00,47.1392363600542,47.17870083598213,45.32391186630475,45.866539001464844,18153400,0.1,0.0
2023-07-17 00:00:00-04:00,45.8665458442133,46.557155458285024,45.69882367826722,46.172386169433594,9712500,0.0,0.0
2023-07-18 00:00:00-04:00,46.1822479718639,47.7410571589131,46.0934547814691,47.7213249206543,11647000,0.0,0.0
2023-07-19 00:00:00-04:00,47.46481635857136,47.96797529367112,47.25763348903263,47.8989143371582,9050800,0.0,0.0
2023-07-20 00:00:00-04:00,47.48454923622381,48.1455623327421,47.06031548992046,48.03703689575195,10591000,0.0,0.0
2023-07-21 00:00:00-04:00,48.24422288326262,48.44153775127673,47.64240275061595,47.8989143371582,8908000,0.0,0.0
2023-07-24 00:00:00-04:00,47.46481792613053,47.60293984371793,46.69527937754933,46.843265533447266,9434100,0.0,0.0
2023-07-25 00:00:00-04:00,46.03426202710354,46.16251970505018,44.84048973629074,45.81721115112305,13411000,0.0,0.0
2023-07-26 00:00:00-04:00,45.81721439759858,46.15265497354589,45.35351989815687,45.807350158691406,8056600,0.0,0.0
2023-07-27 00:00:00-04:00,45.412710819459555,45.54096850073487,44.781294178627334,45.13646697998047,8835300,0.0,0.0
2023-07-28 00:00:00-04:00,45.44231313477947,45.53110633916805,44.87995742816521,45.10687255859375,8272200,0.0,0.0
2023-07-31 00:00:00-04:00,45.195667092550494,45.708694092605626,45.106873885549795,45.63962936401367,7190000,0.0,0.0
2023-08-01 00:00:00-04:00,45.126601132419786,45.13646537053229,43.66644549813553,44.791160583496094,9002800,0.0,0.0
2023-08-02 00:00:00-04:00,44.307728925226215,44.475451076942505,44.03148510303446,44.19920349121094,7641900,0.0,0.0
2023-08-03 00:00:00-04:00,43.72564691166268,44.0413552547148,43.42967081049385,43.597389221191406,7096100,0.0,0.0
2023-08-04 00:00:00-04:00,43.873633788503184,44.209074350077344,43.61711842542527,43.99202346801758,7241400,0.0,0.0
2023-08-07 00:00:00-04:00,44.09068497018673,44.81089487920843,43.89337007399259,44.6333122253418,5994000,0.0,0.0
2023-08-08 00:00:00-04:00,44.02161845553163,45.323916176687476,44.001886215691094,45.17593002319336,5892100,0.0,0.0
2023-08-09 00:00:00-04:00,45.126598237690416,45.4719030025764,44.14987313145059,44.426116943359375,6073200,0.0,0.0
2023-08-10 00:00:00-04:00,44.820755606029365,45.0969994266886,43.89336294843067,44.258399963378906,6926200,0.0,0.0
2023-08-11 00:00:00-04:00,44.001885720486335,44.09067891699948,43.50859102064438,43.57765197753906,5485300,0.0,0.0
2023-08-14 00:00:00-04:00,43.40993334068731,43.74537388522513,43.11395727516332,43.63684844970703,6363300,0.0,0.0
2023-08-15 00:00:00-04:00,43.29154458651826,43.469130982311825,42.383880367624506,42.443077087402344,7020200,0.0,0.0
2023-08-16 00:00:00-04:00,42.462815350716674,43.16329303152136,41.989252815938556,42.097774505615234,5617100,0.0,0.0
2023-08-17 00:00:00-04:00,42.09776763275313,42.17669659076716,41.16051071934576,41.219703674316406,6408100,0.0,0.0
2023-08-18 00:00:00-04:00,40.78560764312528,41.07171948427642,40.548824521318124,40.933597564697266,6281100,0.0,0.0
2023-08-21 00:00:00-04:00,41.13090815336338,41.298630297892615,40.67707796105546,41.180240631103516,4164700,0.0,0.0
2023-08-22 00:00:00-04:00,41.45648820920625,41.5946101269366,40.677081657967854,41.05198669433594,4249600,0.0,0.0
2023-08-23 00:00:00-04:00,41.05198724403694,41.831393805711876,40.70667868154727,41.63407516479492,7094300,0.0,0.0
2023-08-24 00:00:00-04:00,41.436754051454166,41.91031650327458,41.15064222737314,41.338096618652344,5478200,0.0,0.0
2023-08-25 00:00:00-04:00,41.535411078785295,41.5946077960124,40.58828618439035,41.140777587890625,5804500,0.0,0.0
2023-08-28 00:00:00-04:00,41.17037786632305,41.87085548226209,41.17037786632305,41.84125900268555,4454500,0.0,0.0
2023-08-29 00:00:00-04:00,41.80179108957105,43.46912955493424,41.673537179573735,43.18301773071289,8969800,0.0,0.0
2023-08-30 00:00:00-04:00,43.19288436313099,43.26194532266274,42.64039668687702,42.65026092529297,5511900,0.0,0.0
2023-08-31 00:00:00-04:00,42.956103382313444,42.99556786156583,41.86098854606895,42.304954528808594,6506500,0.0,0.0
2023-09-01 00:00:00-04:00,42.52200811374424,42.61080132381543,41.77220171145235,42.28522872924805,5199300,0.0,0.0
2023-09-05 00:00:00-04:00,41.91031967328826,41.939916152659464,40.756011815330154,41.199974060058594,8261200,0.0,0.0
2023-09-06 00:00:00-04:00,40.933595289263316,42.13723178121634,40.933595289263316,41.15064239501953,7535200,0.0,0.0
2023-09-07 00:00:00-04:00,40.943459565833116,41.111177955145834,40.420568394987754,40.57842254638672,7242800,0.0,0.0
2023-09-08 00:00:00-04:00,40.59815934865616,40.94346416754465,40.203522044034806,40.2725830078125,8049900,0.0,0.0
2023-09-11 00:00:00-04:00,40.54882421886975,40.63761741844263,40.18378718219901,40.29231262207031,6422500,0.0,0.0
2023-09-12 00:00:00-04:00,40.36137614990317,40.696816729243395,40.05553205112406,40.144325256347656,6840000,0.0,0.0
2023-09-13 00:00:00-04:00,38.97028263965482,39.562234794588,38.75323175986065,39.01961135864258,11263000,0.0,0.0
2023-09-14 00:00:00-04:00,39.66089833260136,39.73982353492341,38.40792922608936,38.80256652832031,13190400,0.0,0.0
2023-09-15 00:00:00-04:00,38.77296562652104,39.57210445638725,38.5855149810888,39.36492156982422,9841100,0.0,0.0
2023-09-18 00:00:00-04:00,39.04921071144856,39.295858064309535,38.21060745359729,38.36846160888672,8517700,0.0,0.0
2023-09-19 00:00:00-04:00,38.34872819563406,38.99001279886646,38.12181308956993,38.92095184326172,8175500,0.0,0.0
2023-09-20 00:00:00-04:00,39.236660762752194,39.33531819701723,38.250071365942354,38.35859680175781,7000200,0.0,0.0
2023-09-21 00:00:00-04:00,38.062620728692764,38.4079255120992,37.69757994218895,37.786373138427734,7938900,0.0,0.0
2023-09-22 00:00:00-04:00,37.8653068594631,37.90476758000169,37.016839269467624,37.164825439453125,7754200,0.0,0.0
2023-09-25 00:00:00-04:00,36.89844695539947,37.224019517034954,36.602467109407115,37.05630111694336,7346900,0.0,0.0
2023-09-26 00:00:00-04:00,36.70113122894351,37.19442599340904,36.227568706681446,36.27689743041992,8988900,0.0,0.0
2023-09-27 00:00:00-04:00,36.27689473549968,36.65179978243403,36.04011161018849,36.16836929321289,7996900,0.0,0.0
2023-09-28 00:00:00-04:00,36.20783186661711,36.96750615905144,35.921720036309395,36.4544792175293,8247600,0.0,0.0
2023-09-29 00:00:00-04:00,36.75045441292428,36.977369518748425,36.2472954849733,36.503807067871094,7985500,0.0,0.0
2023-10-02 00:00:00-04:00,36.47421241024911,36.70112752739252,35.81319553549222,35.961185455322266,5799800,0.0,0.0
2023-10-03 00:00:00-04:00,35.65534234548812,35.8033322693366,34.65888865066737,34.76741409301758,9406100,0.0,0.0
2023-10-04 00:00:00-04:00,34.99432435212848,35.77372705391223,34.88579892486326,35.576412200927734,9430500,0.0,0.0
2023-10-05 00:00:00-04:00,35.9809132572376,36.158499633712125,35.52707931539186,35.95131301879883,8342200,0.0,0.0
2023-10-06 00:00:00-04:00,35.84279398962767,36.82938336984041,35.77372927055615,36.503807067871094,9782700,0.0,0.0
2023-10-09 00:00:00-04:00,35.23111093182737,35.31003990009672,34.224789167635215,34.80687713623047,14475900,0.0,0.0
2023-10-10 00:00:00-04:00,35.26070936051721,36.178234106377005,35.231109117170654,35.34950256347656,12365700,0.0,0.0
2023-10-11 00:00:00-04:00,35.379177738430734,36.230019905010636,34.96365227516515,35.59683609008789,14319300,0.1,0.0
2023-10-12 00:00:00-04:00,36.6158657592031,36.67522815664783,34.54812275746006,34.77567672729492,29838600,0.0,0.0
2023-10-13 00:00:00-04:00,34.409617165937696,35.05269664977259,33.588458022932,33.73685836791992,14423600,0.0,0.0
2023-10-16 00:00:00-04:00,33.74675143583701,34.37993525099645,33.52909308409849,34.05344772338867,10136900,0.0,0.0
2023-10-17 00:00:00-04:00,33.96440917612072,34.81524755362796,33.90504677924075,34.3106803894043,10331900,0.0,0.0
2023-10-18 00:00:00-04:00,33.73685061916543,33.73685061916543,32.66835403918767,32.78707504272461,14724500,0.0,0.0
2023-10-19 00:00:00-04:00,32.8563314732012,33.261965055312096,32.31218941535579,32.361656188964844,13407100,0.0,0.0
2023-10-20 00:00:00-04:00,32.24293900656084,32.37155565247682,31.847197222545514,31.88677215576172,8358800,0.0,0.0
2023-10-23 00:00:00-04:00,31.659220387341776,32.24293741419632,31.44156392651197,31.698795318603516,12427600,0.0,0.0
2023-10-24 00:00:00-04:00,31.758154573913284,32.10442956824009,31.550391841761144,31.67900848388672,8662800,0.0,0.0
2023-10-25 00:00:00-04:00,31.52071285799291,31.58996710276478,30.99635632509114,31.075504302978516,11186400,0.0,0.0
2023-10-26 00:00:00-04:00,31.144760131100284,31.659222957041017,30.84795567069272,31.26348304748535,10230800,0.0,0.0
2023-10-27 00:00:00-04:00,31.421776776410983,31.46134982103352,30.27413017680838,30.323596954345703,10826500,0.0,0.0
2023-10-30 00:00:00-04:00,30.52146469166505,31.065606736618452,30.52146469166505,30.897417068481445,10783100,0.0,0.0
2023-10-31 00:00:00-04:00,30.808378542876802,30.98646196125774,30.4324261273233,30.917207717895508,9104300,0.0,0.0
2023-11-01 00:00:00-04:00,31.05571492960508,31.263479538198446,30.51157285092491,30.778697967529297,9336700,0.0,0.0
2023-11-02 00:00:00-04:00,31.322841643584052,31.74826272793743,31.233799933508386,31.67900848388672,9711700,0.0,0.0
2023-11-03 00:00:00-04:00,32.21325838737506,33.1729259474748,32.16378783582426,32.994842529296875,12302100,0.0,0.0
2023-11-06 00:00:00-05:00,33.27186555038931,33.37079911210589,32.114323253123295,32.56942367553711,8225800,0.0,0.0
2023-11-07 00:00:00-05:00,32.658464100958355,33.16303505837733,32.26272609564711,33.083885192871094,10497700,0.0,0.0
2023-11-08 00:00:00-05:00,33.39058114688762,34.3403567715105,33.36090183801592,33.80610656738281,14144100,0.0,0.0
2023-11-09 00:00:00-05:00,34.0534471020936,34.261213604086656,32.95527106562854,33.12345886230469,8513100,0.0,0.0
2023-11-10 00:00:00-05:00,33.24218052847848,33.7665389424732,33.083884574498036,33.69728469848633,7536700,0.0,0.0
2023-11-13 00:00:00-05:00,33.43015607476512,34.0237648966362,33.331218755071376,33.80610656738281,7144400,0.0,0.0
2023-11-14 00:00:00-05:00,34.74599459272951,35.11205705921673,34.49865692438192,34.86471939086914,10993800,0.0,0.0
2023-11-15 00:00:00-05:00,35.13183564640227,36.071719404360856,35.12194380169803,35.379173278808594,10580600,0.0,0.0
2023-11-16 00:00:00-05:00,35.30991933623395,35.80459460514541,34.90428576668946,35.1318359375,7756300,0.0,0.0
2023-11-17 00:00:00-05:00,35.39896269897812,35.705662738781086,35.14173320764911,35.67598342895508,8447200,0.0,0.0
2023-11-20 00:00:00-05:00,35.56715927879232,36.21023498487911,35.33960906518559,36.11130142211914,7784200,0.0,0.0
2023-11-21 00:00:00-05:00,35.89363990690686,35.96289414957921,35.31981849989696,35.497901916503906,7345000,0.0,0.0
2023-11-22 00:00:00-05:00,36.408100409893635,36.645546208516436,35.398962370374385,35.56715393066406,12367700,0.0,0.0
2023-11-24 00:00:00-05:00,35.77491949629274,35.94311106998431,35.56715676473836,35.71555709838867,4392600,0.0,0.0
2023-11-27 00:00:00-05:00,35.507798845890896,35.616628035406436,35.290140466859825,35.45833206176758,7147100,0.0,0.0
2023-11-28 00:00:00-05:00,35.52758376020246,35.74524212358562,35.08237518695211,35.65620040893555,7810200,0.0,0.0
2023-11-29 00:00:00-05:00,35.97278848960566,36.526822411273244,35.953001024678535,36.24980545043945,9311600,0.0,0.0
2023-11-30 00:00:00-05:00,36.31906192237883,36.83352471987784,35.80459912487981,36.536720275878906,11392800,0.0,0.0
2023-12-01 00:00:00-05:00,36.58618577913165,37.714044891464454,36.576293933441505,37.64479064941406,11004100,0.0,0.0
2023-12-04 00:00:00-05:00,37.5953241967868,38.24829546608385,37.30841160634955,37.75362014770508,9760000,0.0,0.0
2023-12-05 00:00:00-05:00,37.35788062562136,37.52607220648318,36.97203445797884,37.20948028564453,7828100,0.0,0.0
2023-12-06 00:00:00-05:00,37.832771870528966,39.09913954014554,37.72394269128253,38.52531433105469,12499700,0.0,0.0
2023-12-07 00:00:00-05:00,39.02988648694862,40.08849145076123,38.99031155254525,39.91040802001953,12122600,0.0,0.0
2023-12-08 00:00:00-05:00,39.831254009220494,40.306145624530735,39.4355160285594,39.92029571533203,8723000,0.0,0.0
2023-12-11 00:00:00-05:00,39.97966064983349,40.19731900616787,39.68285620196964,40.07859420776367,7295400,0.0,0.0
2023-12-12 00:00:00-05:00,40.08848577486112,41.01847395722779,40.08848577486112,40.800819396972656,8448900,0.0,0.0
2023-12-13 00:00:00-05:00,40.43475850850443,40.919541969609675,39.69274554853541,40.75135040283203,12821300,0.0,0.0
2023-12-14 00:00:00-05:00,41.0877282356933,42.245270372754305,41.04815708092743,41.988037109375,14530800,0.0,0.0
2023-12-15 00:00:00-05:00,42.136440576230484,42.136440576230484,41.53293612970652,41.889102935791016,12902100,0.0,0.0
2023-12-18 00:00:00-05:00,41.55272999113486,41.73081342159417,40.6623128388383,40.74146270751953,8624000,0.0,0.0
2023-12-19 00:00:00-05:00,40.97890190103975,41.265814493844175,40.62273883908996,40.7117805480957,7560000,0.0,0.0
2023-12-20 00:00:00-05:00,40.33582912967209,40.988800451033825,39.84115377185037,39.91040802001953,9695100,0.0,0.0
2023-12-21 00:00:00-05:00,40.4248650851507,41.15698239693078,40.335823382466856,40.68209457397461,7709400,0.0,0.0
2023-12-22 00:00:00-05:00,40.62273946908632,40.84039404797448,40.454547894323426,40.691993713378906,6834400,0.0,0.0
2023-12-26 00:00:00-05:00,40.573265377867195,40.69199016407595,40.3160358892274,40.325927734375,4722900,0.0,0.0
2023-12-27 00:00:00-05:00,40.28635818310615,40.44465413027841,39.96976628876165,40.15774154663086,4486400,0.0,0.0
2023-12-28 00:00:00-05:00,40.06870238611514,40.28636074258269,40.01923560711979,40.19731903076172,4558100,0.0,0.0
2023-12-29 00:00:00-05:00,40.098379136108655,40.22699577253566,39.5542370537879,39.80157470703125,8620600,0.0,0.0
2024-01-02 00:00:00-05:00,39.54434585451384,40.504013398411956,39.14860409322774,40.01923370361328,9483800,0.0,0.0
2024-01-03 00:00:00-05:00,39.237646773710786,39.3761552613733,38.25818796598223,38.32744598388672,11846200,0.0,0.0
2024-01-04 00:00:00-05:00,38.327446594903066,39.25743486551526,38.24829672979226,38.78254699707031,8355800,0.0,0.0
2024-01-05 00:00:00-05:00,38.733083247655905,40.30615108606361,38.64404152947911,40.108280181884766,11055300,0.0,0.0
2024-01-08 00:00:00-05:00,40.79092662848302,41.65166063263977,40.67220560785838,41.186668395996094,11967400,0.0,0.0
2024-01-09 00:00:00-05:00,40.95911911389846,41.93857416051951,40.850289936702055,41.869319915771484,11894000,0.0,0.0
2024-01-10 00:00:00-05:00,41.78027726449641,42.06718985718001,41.53293960337053,41.661556243896484,10255600,0.0,0.0
2024-01-11 00:00:00-05:00,41.40432199314038,41.91878476912211,41.038263319987784,41.80995559692383,10485200,0.0,0.0
2024-01-12 00:00:00-05:00,39.72242726830471,40.3259279514531,37.97127629006464,38.06031799316406,42208000,0.0,0.0
2024-01-16 00:00:00-05:00,37.733831726210525,37.78329850198068,35.953001379973436,37.07096862792969,27511600,0.0,0.0
2024-01-17 00:00:00-05:00,36.90277607573684,37.56564293038533,36.596079809710005,36.74448013305664,11165800,0.0,0.0
2024-01-18 00:00:00-05:00,36.90278017850924,37.872343406978544,36.754379838663766,37.68436813354492,13540800,0.0,0.0
2024-01-19 00:00:00-05:00,37.77340499711432,37.84265923496489,36.29927098985302,36.88298797607422,19101400,0.0,0.0
2024-01-22 00:00:00-05:00,37.25894806333475,37.77341089199189,36.58618927001953,36.58618927001953,11661700,0.0,0.0
2024-01-23 00:00:00-05:00,37.65468753231008,38.55499648323931,37.26883760413475,37.60521697998047,15332500,0.0,0.0
2024-01-24 00:00:00-05:00,37.9910649891307,38.28786941774969,37.625002545563305,37.78329849243164,9694900,0.0,0.0
2024-01-25 00:00:00-05:00,38.6341385258767,39.88072234214037,38.59456359778864,39.752105712890625,19386400,0.0,0.0
2024-01-26 00:00:00-05:00,39.83125401970176,40.13795406840511,39.16839092053163,39.20796585083008,8126600,0.0,0.0
2024-01-29 00:00:00-05:00,39.19807086072199,39.74221295180853,38.92105389233026,39.66306686401367,7247500,0.0,0.0
2024-01-30 00:00:00-05:00,39.168386771491555,39.60369963644329,38.99030337808569,39.0991325378418,6610800,0.0,0.0
2024-01-31 00:00:00-05:00,38.97052417238321,39.32669103466209,38.465956966870436,38.72318649291992,8183300,0.0,0.0
2024-02-01 00:00:00-05:00,38.99030716724051,39.38604891861754,38.188931819034885,39.336578369140625,9865500,0.0,0.0
2024-02-02 00:00:00-05:00,39.02988274441495,39.70264146846825,38.74297015861245,39.554237365722656,7512800,0.0,0.0
2024-02-05 00:00:00-05:00,39.019987774696496,39.128816948646325,38.545099921702565,38.822120666503906,7931900,0.0,0.0
2024-02-06 00:00:00-05:00,38.84190123722969,39.8510392590379,38.62424668089112,39.752105712890625,7579200,0.0,0.0
2024-02-07 00:00:00-05:00,39.8807213754391,39.989546763934044,39.36625864498347,39.78178405761719,6544000,0.0,0.0
2024-02-08 00:00:00-05:00,39.87082893950853,40.058807971340144,39.12881597993676,39.92029571533203,7611500,0.0,0.0
2024-02-09 00:00:00-05:00,40.08848982800068,40.43476105482963,39.53445209100105,40.07859420776367,7769400,0.0,0.0
2024-02-12 00:00:00-05:00,39.890616761520704,40.50401309018046,39.85104183087863,40.147850036621094,6677300,0.0,0.0
2024-02-13 00:00:00-05:00,39.41572412208867,39.67295359183036,38.940836334361414,39.58391189575195,8855300,0.0,0.0
2024-02-14 00:00:00-05:00,39.94997851509286,40.691991469371324,39.524557452714035,40.40507888793945,8961800,0.0,0.0
2024-02-15 00:00:00-05:00,40.751352648589354,40.97890284929777,40.36550649199365,40.563377380371094,7291500,0.0,0.0
2024-02-16 00:00:00-05:00,40.11816627073978,40.19731613068064,39.554236727916766,39.692745208740234,7670800,0.0,0.0
2024-02-20 00:00:00-05:00,39.54434489277248,40.45454563789151,39.41572825737156,40.167633056640625,8190900,0.0,0.0
2024-02-21 00:00:00-05:00,40.068698245735206,40.543586068351466,39.69274397088665,40.325927734375,5918300,0.0,0.0
2024-02-22 00:00:00-05:00,40.563376097733055,41.93857287865815,40.50401370087491,41.67144775390625,12389000,0.0,0.0
2024-02-23 00:00:00-05:00,41.62186579833791,41.66153112868464,41.096259503403765,41.373939514160156,9103400,0.1,0.0
2024-02-26 00:00:00-05:00,41.41360183588564,41.84003531633616,41.284682901278444,41.443355560302734,7783300,0.0,0.0
2024-02-27 00:00:00-05:00,41.721032325375845,41.90945492828063,41.41360238932151,41.631778717041016,7119400,0.0,0.0
2024-02-28 00:00:00-05:00,41.17559616105628,41.7706177071854,41.15576160511135,41.661529541015625,7376400,0.0,0.0
2024-02-29 00:00:00-05:00,41.82020359028251,42.345809882590466,41.6417001469769,41.919376373291016,10294100,0.0,0.0
2024-03-01 00:00:00-05:00,41.8499565880987,41.978879312237765,41.185512194201756,41.81028747558594,5331100,0.0,0.0
2024-03-04 00:00:00-05:00,41.54253075974513,42.10780242840817,40.86817091238305,41.22518539428711,8206500,0.0,0.0
2024-03-05 00:00:00-05:00,40.9078329425398,41.52268900872392,40.82849472339114,41.453269958496094,7123200,0.0,0.0
2024-03-06 00:00:00-05:00,41.631778642927024,41.909454853672315,41.38385237388883,41.67144775390625,6435500,0.0,0.0
2024-03-07 00:00:00-05:00,41.849957188094436,42.881331429884064,41.790453518472205,42.42514419555664,9519200,0.0,0.0
2024-03-08 00:00:00-05:00,42.47473558405479,42.91108451069109,41.740872070608845,41.88962936401367,8220700,0.0,0.0
2024-03-11 00:00:00-04:00,41.71111741467836,42.345808066493234,41.60202924957493,42.32597351074219,8031400,0.0,0.0
2024-03-12 00:00:00-04:00,41.89954361017218,42.405311584472656,41.26485290396962,42.405311584472656,15141900,0.0,0.0
2024-03-13 00:00:00-04:00,42.32597197623659,44.10112492952418,42.27638748018397,43.54576873779297,12386600,0.0,0.0
2024-03-14 00:00:00-04:00,43.44660635674345,43.54577536393876,42.41523203646972,42.70282745361328,9658300,0.0,0.0
2024-03-15 00:00:00-04:00,42.62348717025104,43.12925891855127,42.60365261315545,42.762325286865234,8025700,0.0,0.0
2024-03-18 00:00:00-04:00,42.9705855646759,43.28793090707234,42.26647203961985,43.07966995239258,8313200,0.0,0.0
2024-03-19 00:00:00-04:00,43.01025218465436,43.42677032344642,42.8614986789147,43.3771858215332,5358600,0.0,0.0
2024-03-20 00:00:00-04:00,43.59535498658519,45.07299723991071,43.25817510359476,45.003578186035156,9632600,0.0,0.0
2024-03-21 00:00:00-04:00,45.12258235267971,45.668019404727524,44.8349869638174,45.61843490600586,9868900,0.0,0.0
2024-03-22 00:00:00-04:00,45.61843672719225,45.76719401235071,45.201922381636415,45.21183776855469,6664600,0.0,0.0
2024-03-25 00:00:00-04:00,45.102747075550724,45.21183524082732,44.20029559424625,45.043243408203125,8827000,0.0,0.0
2024-03-26 00:00:00-04:00,45.20191977720169,45.737437650195986,45.06307788696126,45.549015045166016,7468400,0.0,0.0
2024-03-27 00:00:00-04:00,45.82669408634719,47.10599463813715,45.668021413625134,46.917572021484375,10201400,0.0,0.0
2024-03-28 00:00:00-04:00,46.907651660151615,47.66134967373081,46.85806716050808,47.472923278808594,13599400,0.0,0.0
2024-04-01 00:00:00-04:00,48.097698808852506,48.79189315651907,47.8101034131963,47.82002258300781,13772800,0.0,0.0
2024-04-02 00:00:00-04:00,46.92748539874828,47.036573565895736,46.0151185154328,46.51097106933594,9990900,0.0,0.0
2024-04-03 00:00:00-04:00,46.40188070016193,47.076240444112464,46.114285324612965,46.1837043762207,11209100,0.0,0.0
2024-04-04 00:00:00-04:00,46.82831661186862,47.671264444074446,45.281255274830954,45.49943161010742,10628300,0.0,0.0
2024-04-05 00:00:00-04:00,45.608521311104106,46.074620157063016,45.07299962454204,45.677940368652344,7604200,0.0,0.0
2024-04-08 00:00:00-04:00,45.935780979598675,46.996905158215085,45.915946423178625,46.62005615234375,9977500,0.0,0.0
2024-04-09 00:00:00-04:00,46.758894562556364,47.09607443045911,46.04486571686712,46.92748260498047,13378200,0.0,0.0
2024-04-10 00:00:00-04:00,47.45308733960447,48.83156060107846,45.34075820851317,45.8564453125,34952500,0.0,0.0
2024-04-11 00:00:00-04:00,46.35229972125907,47.48284297101212,46.19362705082101,47.23491668701172,14073300,0.0,0.0
2024-04-12 00:00:00-04:00,46.40187916845719,46.56055182161639,45.70768489224025,46.47129821777344,16604500,0.0,0.0
2024-04-15 00:00:00-04:00,46.87790239180003,47.42333946184038,45.90603180918788,46.26304626464844,12122000,0.0,0.0
2024-04-16 00:00:00-04:00,46.21345626365117,46.382048098266,45.26142027317662,46.16387176513672,11692900,0.0,0.0
2024-04-17 00:00:00-04:00,47.3241726281543,47.79027149252224,46.7589009754756,47.482845306396484,13841600,0.0,0.0
2024-04-18 00:00:00-04:00,47.60184795580851,48.80181029842798,47.413425336216555,47.45309066772461,12255100,0.0,0.0
2024-04-19 00:00:00-04:00,47.40350677615313,48.34562745234836,47.10599597921122,47.1754150390625,9249800,0.0,0.0
2024-04-22 00:00:00-04:00,47.403502819453706,48.772056910821355,47.403502819453706,48.61338424682617,10442100,0.0,0.0
2024-04-23 00:00:00-04:00,48.01835754814634,49.208404385649764,47.80018500579318,48.82164001464844,10669300,0.0,0.0
2024-04-24 00:00:00-04:00,48.79189373692327,48.86131279421022,47.3440051377171,47.54234313964844,10329500,0.0,0.0
2024-04-25 00:00:00-04:00,46.89773140018884,49.52574743876129,46.48121332374387,49.46624755859375,12946800,0.0,0.0
2024-04-26 00:00:00-04:00,49.34724773383094,49.823269545861876,48.772060700797326,49.50592041015625,9983000,0.0,0.0
2024-04-29 00:00:00-04:00,49.416664767897416,50.31911621774618,49.337326547532676,50.03152084350586,9601300,0.0,0.0
2024-04-30 00:00:00-04:00,49.42658280881083,50.30919975097722,49.357163753790196,49.6546745300293,11063500,0.0,0.0
2024-05-01 00:00:00-04:00,49.624925651552644,50.081109103772654,48.871227633658414,49.6050910949707,10368700,0.0,0.0
2024-05-02 00:00:00-04:00,50.17035965758089,50.76538118653645,49.82326439619925,50.60670852661133,8196100,0.0,0.0
2024-05-03 00:00:00-04:00,50.933971964200836,51.22156733658261,50.39845032936329,51.12239456176758,9165900,0.0,0.0
2024-05-06 00:00:00-04:00,51.5290001199378,52.560374412570496,51.25132388078862,52.4909553527832,8541200,0.0,0.0
2024-05-07 00:00:00-04:00,51.707506064036956,52.09427046835762,51.578583334911755,51.76700973510742,6583900,0.0,0.0
2024-05-08 00:00:00-04:00,51.72733662954023,52.31244277589135,51.52899485766526,51.84634017944336,5125500,0.0,0.0
2024-05-09 00:00:00-04:00,51.697590461295974,52.46120387976614,51.58850228964953,52.31244659423828,4601700,0.0,0.0
2024-05-10 00:00:00-04:00,52.51078772722925,52.70912951111357,51.72733976156636,52.16368865966797,6118900,0.0,0.0
2024-05-13 00:00:00-04:00,52.62074044314469,53.51497661214782,52.46176554535086,52.650550842285156,7137400,0.1,0.0
2024-05-14 00:00:00-04:00,53.08772913131006,53.16721468248296,52.600866390682064,52.72010040283203,5549600,0.0,0.0
2024-05-15 00:00:00-04:00,52.97843643722839,53.18709028592094,52.660486632479554,52.918819427490234,5655300,0.0,0.0
2024-05-16 00:00:00-04:00,52.98837274303467,53.137409577045545,52.13388124976773,52.173622131347656,4801100,0.0,0.0
2024-05-17 00:00:00-04:00,52.19349472330593,52.8691389868658,52.09413683347794,52.36240768432617,4535300,0.0,0.0
2024-05-20 00:00:00-04:00,52.23323936666351,52.898949356979294,52.21336703065672,52.650550842285156,4470500,0.0,0.0
2024-05-21 00:00:00-04:00,52.37234094418397,52.541253901936976,51.68676242100644,51.895416259765625,6094900,0.0,0.0
2024-05-22 00:00:00-04:00,51.87554573614039,52.06433103612097,50.81240037931509,51.24958419799805,6309900,0.0,0.0
2024-05-23 00:00:00-04:00,51.3191349942222,51.388686275579644,50.1963726390427,50.87201690673828,6112500,0.0,0.0
2024-05-24 00:00:00-04:00,51.12041442532352,51.54766016832914,50.782592298069325,51.50791549682617,5196300,0.0,0.0
2024-05-28 00:00:00-04:00,51.37874845379588,51.4284273992474,49.87842307570079,49.957908630371094,6060800,0.0,0.0
2024-05-29 00:00:00-04:00,48.61655770187565,49.67970304379195,47.97072004620214,49.580345153808594,10796100,0.0,0.0
2024-05-30 00:00:00-04:00,49.679705506288194,49.828746138911356,49.07361249266976,49.78900146484375,4911300,0.0,0.0
2024-05-31 00:00:00-04:00,50.07714139339536,50.752785647341554,49.89829416204134,50.69316864013672,7780900,0.0,0.0
2024-06-03 00:00:00-04:00,51.12041734191307,51.309198856932014,50.136757512526394,50.46464538574219,5403300,0.0,0.0
2024-06-04 00:00:00-04:00,50.27585729572396,51.060797503041506,48.984185791812095,49.54059982299805,7232200,0.0,0.0
2024-06-05 00:00:00-04:00,49.67970279289587,51.368813445906426,49.480983223672176,50.494449615478516,10234100,0.0,0.0
2024-06-06 00:00:00-04:00,50.673297164688265,51.32906909403263,49.97778056319925,50.10694885253906,5228700,0.0,0.0
2024-06-07 00:00:00-04:00,49.67970230839862,50.38515317151536,49.66976803565156,50.11688232421875,4743500,0.0,0.0
2024-06-10 00:00:00-04:00,49.97778264902697,50.544130984812774,49.68963944934347,50.1765022277832,3734700,0.0,0.0
2024-06-11 00:00:00-04:00,49.80887381244749,49.86848703330081,48.73579035395879,48.9742546081543,7120800,0.0,0.0
2024-06-12 00:00:00-04:00,49.63002438551278,50.86207890557049,49.480983759416176,50.29573059082031,6810000,0.0,0.0
2024-06-13 00:00:00-04:00,50.08707798862992,50.176501608453435,49.03386688740419,49.84861373901367,5250400,0.0,0.0
2024-06-14 00:00:00-04:00,49.202780097502526,49.31207605452367,47.116230221375,48.40790557861328,12323500,0.0,0.0
2024-06-17 00:00:00-04:00,48.298607655627876,49.46111088151056,48.18931170305555,49.39155960083008,5288500,0.0,0.0
2024-06-18 00:00:00-04:00,49.262393951416016,49.60021228382107,48.86495482230586,49.262393951416016,5026600,0.0,0.0
2024-06-20 00:00:00-04:00,49.04380348048271,49.43130455801339,48.96431413624023,49.29220199584961,5303100,0.0,0.0
2024-06-21 00:00:00-04:00,49.242525986402,49.28226687063182,48.4079067734033,49.06367874145508,9399800,0.0,0.0
2024-06-24 00:00:00-04:00,49.103418045857005,50.047333188205435,49.02393248969391,49.08354949951172,6695400,0.0,0.0
2024-06-25 00:00:00-04:00,49.23258722831686,49.53066470227099,48.36816141677168,48.49732971191406,7951400,0.0,0.0
2024-06-26 00:00:00-04:00,47.593155662651576,48.15950395783433,46.84796013843632,47.871360778808594,10964200,0.0,0.0
2024-06-27 00:00:00-04:00,47.8415552933689,48.32841425806827,47.56334638042301,48.28866958618164,6504900,0.0,0.0
2024-06-28 00:00:00-04:00,48.10982249150652,48.189311835508704,46.72872735668311,47.13610076904297,11892900,0.0,0.0
2024-07-01 00:00:00-04:00,47.503736308553115,47.5931599310894,46.44059090187765,46.61943435668945,9064600,0.0,0.0
2024-07-02 00:00:00-04:00,46.698921235279194,46.98706442490409,46.221996537069316,46.4107780456543,6361900,0.0,0.0
2024-07-03 00:00:00-04:00,46.84796151434619,47.16591131079528,46.6094972718791,47.086421966552734,3543200,0.0,0.0
2024-07-05 00:00:00-04:00,46.847963040381686,46.847963040381686,45.665583642952285,45.72520065307617,9605500,0.0,0.0
2024-07-08 00:00:00-04:00,46.520075770157625,46.9970004865186,45.983534042903756,46.05308532714844,7404000,0.0,0.0
2024-07-09 00:00:00-04:00,46.07295693019654,47.30501527053194,45.96366097376429,46.58962631225586,9369500,0.0,0.0
2024-07-10 00:00:00-04:00,46.82808911890989,46.987064016932855,46.18225146367,46.559818267822266,11416100,0.0,0.0
2024-07-11 00:00:00-04:00,42.73447795256914,44.741538366316306,41.899858808142206,44.70179748535156,33857200,0.0,0.0
2024-07-12 00:00:00-04:00,44.175191529226,44.592503010380426,43.2710210753621,43.340572357177734,16717000,0.0,0.0
2024-07-15 00:00:00-04:00,43.33063750741002,43.34057178028262,42.44633940158704,42.724544525146484,12563800,0.0,0.0
2024-07-16 00:00:00-04:00,42.963010285100815,45.755007263007776,42.88352093826896,45.72520065307617,15554000,0.0,0.0
2024-07-17 00:00:00-04:00,45.03961977354516,45.73513257120561,45.00980937488794,45.466861724853516,7160500,0.0,0.0
2024-07-18 00:00:00-04:00,45.45692901316869,46.50020203574667,44.30436003570205,44.63224411010742,10441500,0.0,0.0
2024-07-19 00:00:00-04:00,44.45339774655152,45.56622197826694,43.76781545278316,45.14891052246094,8789800,0.0,0.0
2024-07-22 00:00:00-04:00,44.36397936527313,44.63224644460903,43.271023549479786,43.549232482910156,14486000,0.0,0.0
2024-07-23 00:00:00-04:00,43.55916507144143,43.757884647558484,42.96301013335093,43.33063888549805,10772600,0.0,0.0
2024-07-24 00:00:00-04:00,43.20147014921193,43.618781633801966,42.535763934850074,42.6649284362793,7120100,0.0,0.0
2024-07-25 00:00:00-04:00,42.46621272480789,43.71813960018955,42.237682750559365,43.19153594970703,9293100,0.0,0.0
2024-07-26 00:00:00-04:00,43.68833040577622,43.99634212715072,43.082237445282594,43.84730529785156,8721400,0.0,0.0
2024-07-29 00:00:00-04:00,43.84730792831108,43.896986874391104,42.893454728375666,42.90339279174805,7832300,0.0,0.0
2024-07-30 00:00:00-04:00,43.27230405697611,43.960272474581885,42.96321481247159,43.10280227661133,6087700,0.15,0.0
2024-07-31 00:00:00-04:00,43.12274397945987,43.81071239855236,42.73389209895223,42.8934211730957,7718200,0.0,0.0
2024-08-01 00:00:00-04:00,43.1925401002602,43.252364932674794,40.84945598105249,41.37789535522461,9729500,0.0,0.0
2024-08-02 00:00:00-04:00,40.54036643996412,40.57027695422902,39.47351499181822,39.71281051635742,9378300,0.0,0.0
2024-08-05 00:00:00-04:00,37.39963132504108,38.61604289294573,37.19025012831186,37.818397521972656,19882800,0.0,0.0
2024-08-06 00:00:00-04:00,38.117512848113044,38.79551234274088,37.51927978978167,38.1075439453125,7541400,0.0,0.0
2024-08-07 00:00:00-04:00,38.62601756769148,38.71575291421541,37.180283119683004,37.2101936340332,10595700,0.0,0.0
2024-08-08 00:00:00-04:00,37.688778270393485,39.59315822273547,37.648895051706944,39.49345397949219,9297300,0.0,0.0
2024-08-09 00:00:00-04:00,39.40371821579362,39.63304101556756,38.74566032842878,39.184364318847656,8279500,0.0,0.0
2024-08-12 00:00:00-04:00,38.88525115620189,39.094632364978594,38.69581155828106,38.94507598876953,10284000,0.0,0.0
2024-08-13 00:00:00-04:00,39.21427964166697,39.58318991134793,38.984953032528736,39.3837776184082,7616400,0.0,0.0
2024-08-14 00:00:00-04:00,39.623074042055,39.75268880249511,38.53628101418144,38.5761604309082,5936300,0.0,0.0
2024-08-15 00:00:00-04:00,39.21428149158402,40.46060362691064,39.15445665983795,40.0617790222168,9742600,0.0,0.0
2024-08-16 00:00:00-04:00,39.9820120534218,40.1614827428235,39.67292660215363,40.03186798095703,4633800,0.0,0.0
2024-08-19 00:00:00-04:00,40.11162992930971,40.48054020519525,39.89227602303945,40.35092544555664,5246900,0.0,0.0
2024-08-20 00:00:00-04:00,40.380836109020095,40.43068823241066,39.9421320983206,40.001953125,4108400,0.0,0.0
2024-08-21 00:00:00-04:00,40.21133919984532,40.321012352836476,39.792572984569446,40.0617790222168,6508200,0.0,0.0
2024-08-22 00:00:00-04:00,40.131573320307226,40.6201332777349,39.9521026260255,40.02189636230469,4620900,0.0,0.0
2024-08-23 00:00:00-04:00,40.32101073314838,41.31806840135804,39.97204207066426,41.25824737548828,6033500,0.0,0.0
2024-08-26 00:00:00-04:00,41.49754091834054,41.82657178904602,40.68992660565132,40.85942459106445,6110900,0.0,0.0
2024-08-27 00:00:00-04:00,40.939190572713386,41.00898430750621,40.37086798741566,40.68992614746094,5348200,0.0,0.0
2024-08-28 00:00:00-04:00,40.66001145640162,40.81954053495818,40.021895142175374,40.31104278564453,7586900,0.0,0.0
2024-08-29 00:00:00-04:00,40.53039512543818,41.75677558250185,40.520422418960884,41.43771743774414,8824200,0.0,0.0
2024-08-30 00:00:00-04:00,41.78668732343565,42.484628461913694,41.686983076570165,42.36498260498047,8652000,0.0,0.0
2024-09-03 00:00:00-04:00,41.97612479344118,42.614244872954515,41.92627267252672,42.245330810546875,7690200,0.0,0.0
2024-09-04 00:00:00-04:00,42.155595471511646,42.743859626637494,42.03594962062234,42.245330810546875,7096300,0.0,0.0
2024-09-05 00:00:00-04:00,42.69401035118431,43.760861784443684,41.94621707720961,42.045921325683594,18941400,0.0,0.0
2024-09-06 00:00:00-04:00,42.016010878920305,42.913364330512,41.35795294891082,41.906333923339844,8498200,0.0,0.0
2024-09-09 00:00:00-04:00,42.43477581392282,43.9403312224307,42.43477581392282,43.55147933959961,12176000,0.0,0.0
2024-09-10 00:00:00-04:00,43.790771177879485,43.87053761739642,42.66409874575159,43.27230453491211,7184800,0.0,0.0
2024-09-11 00:00:00-04:00,43.381976760509275,44.209536437250854,42.903389544015496,44.14971160888672,6984900,0.0,0.0
2024-09-12 00:00:00-04:00,46.143828061616105,46.41303409074802,42.73389263289153,44.13974380493164,13658300,0.0,0.0
2024-09-13 00:00:00-04:00,44.787828611293875,45.5356218621336,44.718034878826685,45.04706573486328,9391400,0.0,0.0
2024-09-16 00:00:00-04:00,44.92741981746986,45.76494840938918,44.92741981746986,45.18665313720703,7171400,0.0,0.0
2024-09-17 00:00:00-04:00,45.82476939385078,47.290445379256916,45.67521302610867,46.54265213012695,8579600,0.0,0.0
2024-09-18 00:00:00-04:00,46.67227112559427,47.82885787619747,46.31332975411859,46.781944274902344,7584000,0.0,0.0
2024-09-19 00:00:00-04:00,47.54967905576827,47.65935600835317,46.732092068192166,46.991329193115234,6676800,0.0,0.0
2024-09-20 00:00:00-04:00,46.9215371758415,47.0212414253969,46.383125099906344,46.80188751220703,9728200,0.0,0.0
2024-09-23 00:00:00-04:00,46.73209259312563,47.29044626552374,46.36318231494694,47.021240234375,5449600,0.0,0.0
2024-09-24 00:00:00-04:00,47.230620067509015,47.74909050469189,46.7320912398493,47.65935516357422,6652700,0.0,0.0
2024-09-25 00:00:00-04:00,47.83882867175077,49.04526759312064,47.81888706104961,48.606563568115234,9203400,0.0,0.0
2024-09-26 00:00:00-04:00,49.85288271753695,51.83702912322309,49.51388296291878,51.65755844116211,17920400,0.0,0.0
2024-09-27 00:00:00-04:00,51.86694249922046,52.2956776185388,51.059324385358934,51.38835525512695,10931300,0.0,0.0
2024-09-30 00:00:00-04:00,51.30858696572763,51.45814713814263,50.122089703507164,50.640560150146484,8083200,0.0,0.0
2024-10-01 00:00:00-04:00,50.65052831094884,50.829998993827004,48.93559172401871,49.8129997253418,10546000,0.0,0.0
2024-10-02 00:00:00-04:00,49.23470727733286,49.23470727733286,48.0581789590699,48.257591247558594,8142000,0.0,0.0
2024-10-03 00:00:00-04:00,48.27753277064763,48.35729921357434,46.7620083897736,47.32035827636719,9561800,0.0,0.0
2024-10-04 00:00:00-04:00,48.925620932501516,49.503916222960456,48.20773817288995,49.13500213623047,8574400,0.0,0.0
2024-10-07 00:00:00-04:00,48.925619230457094,49.53382501358358,48.766090156479095,49.32444381713867,7103400,0.0,0.0
2024-10-08 00:00:00-04:00,49.783089472865996,51.04935316269168,49.753178960054356,50.4710578918457,8425800,0.0,0.0
2024-10-09 00:00:00-04:00,50.650527336930516,51.727351413491974,50.4710566575036,50.82999801635742,9670500,0.0,0.0
2024-10-10 00:00:00-04:00,50.5099983215332,51.5,49.290000915527344,50.290000915527344,16893700,0.15,0.0
2024-10-11 00:00:00-04:00,49.970001220703125,51.52000045776367,49.439998626708984,51.33000183105469,8037200,0.0,0.0
2024-10-14 00:00:00-04:00,51.349998474121094,53.369998931884766,51.06999969482422,53.18000030517578,9581400,0.0,0.0
2024-10-15 00:00:00-04:00,53.84000015258789,54.290000915527344,52.54999923706055,52.72999954223633,9175400,0.0,0.0
2024-10-16 00:00:00-04:00,53.25,56.47999954223633,53.20000076293945,56.310001373291016,18957900,0.0,0.0
2024-10-17 00:00:00-04:00,55.5,56.04999923706055,55.060001373291016,55.2599983215332,8349900,0.0,0.0
2024-10-18 00:00:00-04:00,55.54999923706055,56.2400016784668,54.86000061035156,55.79999923706055,8222100,0.0,0.0
2024-10-21 00:00:00-04:00,54.68000030517578,55.209999084472656,54.45000076293945,55.099998474121094,6869400,0.0,0.0
2024-10-22 00:00:00-04:00,55.08000183105469,55.220001220703125,54.16999816894531,54.79999923706055,5701400,0.0,0.0
2024-10-23 00:00:00-04:00,54.38999938964844,55.09000015258789,54.2400016784668,54.650001525878906,6624000,0.0,0.0
2024-10-24 00:00:00-04:00,55.279998779296875,55.7599983215332,54.119998931884766,54.77000045776367,5724600,0.0,0.0
2024-10-25 00:00:00-04:00,55.0,55.27000045776367,53.869998931884766,54.119998931884766,5982900,0.0,0.0
2024-10-28 00:00:00-04:00,55.5,56.63999938964844,55.36000061035156,55.380001068115234,10898800,0.0,0.0
2024-10-29 00:00:00-04:00,54.70000076293945,57.369998931884766,54.599998474121094,57.34000015258789,9524100,0.0,0.0
2024-10-30 00:00:00-04:00,57.119998931884766,59.06999969482422,57.119998931884766,58.459999084472656,11089000,0.0,0.0
2024-10-31 00:00:00-04:00,58.29999923706055,59.09000015258789,57.099998474121094,57.220001220703125,7749400,0.0,0.0
2024-11-01 00:00:00-04:00,57.4900016784668,59.189998626708984,57.4900016784668,58.38999938964844,9588400,0.0,0.0
2024-11-04 00:00:00-05:00,57.81999969482422,58.119998931884766,56.810001373291016,56.88999938964844,7959800,0.0,0.0
2024-11-05 00:00:00-05:00,57.09000015258789,58.630001068115234,57.08000183105469,58.290000915527344,5390600,0.0,0.0
2024-11-06 00:00:00-05:00,60.5,62.65999984741211,60.33000183105469,62.31999969482422,16683600,0.0,0.0
2024-11-07 00:00:00-05:00,61.650001525878906,62.470001220703125,60.40999984741211,60.43000030517578,7400000,0.0,0.0
2024-11-08 00:00:00-05:00,60.90999984741211,61.709999084472656,60.5,61.04999923706055,4646000,0.0,0.0
2024-11-11 00:00:00-05:00,61.08000183105469,63.84000015258789,60.83000183105469,63.560001373291016,8087400,0.0,0.0
2024-11-12 00:00:00-05:00,63.20000076293945,64.11000061035156,62.810001373291016,64.05000305175781,6598700,0.0,0.0
2024-11-13 00:00:00-05:00,64.26000213623047,65.73999786376953,64.01000213623047,64.45999908447266,8528900,0.0,0.0
2024-11-14 00:00:00-05:00,65.0199966430664,66.25,64.62000274658203,64.8499984741211,7311800,0.0,0.0
2024-11-15 00:00:00-05:00,65.44000244140625,65.83999633789062,63.86000061035156,64.06999969482422,9852600,0.0,0.0
2024-11-18 00:00:00-05:00,64.08000183105469,64.08000183105469,62.380001068115234,63.2400016784668,6632700,0.0,0.0
2024-11-19 00:00:00-05:00,61.689998626708984,65.16000366210938,61.290000915527344,64.75,9800400,0.0,0.0
2024-11-20 00:00:00-05:00,64.0999984741211,65.05000305175781,61.65999984741211,63.63999938964844,10922900,0.0,0.0
2024-11-21 00:00:00-05:00,64.69999694824219,65.05000305175781,63.290000915527344,63.34000015258789,9931500,0.0,0.0
2024-11-22 00:00:00-05:00,63.45000076293945,63.619998931884766,62.900001525878906,63.34000015258789,6623600,0.0,0.0
2024-11-25 00:00:00-05:00,64.33000183105469,65.18000030517578,63.970001220703125,64.48999786376953,5383678,0.0,0.0
